t [s] || setpoint speed [rot. s^-1] || setpoint pos [°] || duty cycle [%] || Ang Speed [rot. s^-1] ||
Ang Pos [°]
0,000000E+0	2,000000E+0	0,000000E+0	18,313676E+0	2,028226E+0	12,042717E+3
100,000000E-3	2,000000E+0	0,000000E+0	18,993354E+0	1,772022E+0	12,045642E+3
200,000000E-3	2,000000E+0	0,000000E+0	18,269178E+0	2,078959E+0	12,048638E+3
300,000000E-3	2,000000E+0	0,000000E+0	18,157090E+0	2,106863E+0	12,051647E+3
400,000000E-3	2,000000E+0	0,000000E+0	18,416168E+0	1,992713E+0	12,054628E+3
500,000000E-3	2,000000E+0	0,000000E+0	18,789944E+0	1,855732E+0	12,057553E+3
600,000000E-3	2,000000E+0	0,000000E+0	18,568799E+0	1,962273E+0	12,060520E+3
700,000000E-3	2,000000E+0	0,000000E+0	18,164467E+0	2,118278E+0	12,063516E+3
800,000000E-3	2,000000E+0	0,000000E+0	18,181607E+0	2,091643E+0	12,066539E+3
900,000000E-3	2,000000E+0	0,000000E+0	19,102796E+0	1,735241E+0	12,069506E+3
1,000000E+0	2,000000E+0	0,000000E+0	18,347673E+0	2,059934E+0	12,072431E+3
1,100000E+0	2,000000E+0	0,000000E+0	18,354159E+0	2,047251E+0	12,075413E+3
1,200000E+0	2,000000E+0	0,000000E+0	18,243066E+0	2,080228E+0	12,078436E+3
1,300000E+0	2,000000E+0	0,000000E+0	18,627678E+0	1,924222E+0	12,081459E+3
1,400000E+0	2,000000E+0	0,000000E+0	18,782874E+0	1,879831E+0	12,084441E+3
1,500000E+0	2,000000E+0	0,000000E+0	18,180154E+0	2,123351E+0	12,087352E+3
1,600000E+0	2,000000E+0	0,000000E+0	18,174362E+0	2,104326E+0	12,090333E+3
1,700000E+0	2,000000E+0	0,000000E+0	18,660969E+0	1,906466E+0	12,093356E+3
1,800000E+0	2,000000E+0	0,000000E+0	18,491735E+0	1,985103E+0	12,096366E+3
1,900000E+0	2,000000E+0	0,000000E+0	18,419767E+0	2,014274E+0	12,099305E+3
2,000000E+0	2,000000E+0	0,000000E+0	18,111341E+0	2,125888E+0	12,102258E+3
2,100000E+0	2,000000E+0	0,000000E+0	18,358162E+0	2,013006E+0	12,105211E+3
2,200000E+0	2,000000E+0	0,000000E+0	18,835697E+0	1,834171E+0	12,108206E+3
2,300000E+0	2,000000E+0	0,000000E+0	18,226727E+0	2,087838E+0	12,111202E+3
2,400000E+0	2,000000E+0	0,000000E+0	18,223695E+0	2,073886E+0	12,114127E+3
2,500000E+0	2,000000E+0	0,000000E+0	18,408905E+0	1,992713E+0	12,117080E+3
2,600000E+0	2,000000E+0	0,000000E+0	18,614632E+0	1,917881E+0	12,120019E+3
2,700000E+0	2,000000E+0	0,000000E+0	18,419524E+0	2,004128E+0	12,123028E+3
2,800000E+0	2,000000E+0	0,000000E+0	18,167249E+0	2,096716E+0	12,126023E+3
2,900000E+0	2,000000E+0	0,000000E+0	18,259556E+0	2,045983E+0	12,128948E+3
3,000000E+0	2,000000E+0	0,000000E+0	18,896699E+0	1,802462E+0	12,131902E+3
3,100000E+0	2,000000E+0	0,000000E+0	18,405328E+0	2,018079E+0	12,134855E+3
3,200000E+0	2,000000E+0	0,000000E+0	18,215172E+0	2,085301E+0	12,137892E+3
3,300000E+0	2,000000E+0	0,000000E+0	18,333353E+0	2,026958E+0	12,140845E+3
3,400000E+0	2,000000E+0	0,000000E+0	18,434021E+0	1,985103E+0	12,143742E+3
3,500000E+0	2,000000E+0	0,000000E+0	18,753025E+0	1,869684E+0	12,146667E+3
3,600000E+0	2,000000E+0	0,000000E+0	18,144724E+0	2,117009E+0	12,149663E+3
3,700000E+0	2,000000E+0	0,000000E+0	18,145304E+0	2,096716E+0	12,152672E+3
3,800000E+0	2,000000E+0	0,000000E+0	18,577139E+0	1,920417E+0	12,155625E+3
3,900000E+0	2,000000E+0	0,000000E+0	18,617495E+0	1,919149E+0	12,158522E+3
4,000000E+0	2,000000E+0	0,000000E+0	18,493820E+0	1,978761E+0	12,161461E+3
4,100000E+0	2,000000E+0	0,000000E+0	18,153858E+0	2,108131E+0	12,164442E+3
4,200000E+0	2,000000E+0	0,000000E+0	18,237439E+0	2,058666E+0	12,167452E+3
4,300000E+0	2,000000E+0	0,000000E+0	19,156781E+0	1,708606E+0	12,170391E+3
4,400000E+0	2,000000E+0	0,000000E+0	18,345425E+0	2,058666E+0	12,173302E+3
4,500000E+0	2,000000E+0	0,000000E+0	18,249612E+0	2,084033E+0	12,176255E+3
4,600000E+0	2,000000E+0	0,000000E+0	18,292931E+0	2,053593E+0	12,179250E+3
4,700000E+0	2,000000E+0	0,000000E+0	18,600733E+0	1,930564E+0	12,182245E+3
4,800000E+0	2,000000E+0	0,000000E+0	18,866162E+0	1,844317E+0	12,185156E+3
4,900000E+0	2,000000E+0	0,000000E+0	18,122160E+0	2,146181E+0	12,188067E+3
5,000000E+0	2,000000E+0	0,000000E+0	18,133212E+0	2,117009E+0	12,191034E+3
5,100000E+0	2,000000E+0	0,000000E+0	18,541913E+0	1,945784E+0	12,194030E+3
5,200000E+0	2,000000E+0	0,000000E+0	18,577357E+0	1,941979E+0	12,197053E+3
5,300000E+0	2,000000E+0	0,000000E+0	18,515110E+0	1,974956E+0	12,199950E+3
5,400000E+0	2,000000E+0	0,000000E+0	18,163195E+0	2,109399E+0	12,202861E+3
5,500000E+0	2,000000E+0	0,000000E+0	18,266765E+0	2,052324E+0	12,205828E+3
5,600000E+0	2,000000E+0	0,000000E+0	19,017571E+0	1,765681E+0	12,208809E+3
5,700000E+0	12,000000E+0	0,000000E+0	23,052943E+0	2,029494E+0	12,211791E+3
5,800000E+0	12,000000E+0	0,000000E+0	27,411751E+0	2,128424E+0	12,214772E+3
5,900000E+0	12,000000E+0	0,000000E+0	31,700648E+0	2,236233E+0	12,217964E+3
6,000000E+0	12,000000E+0	0,000000E+0	34,979240E+0	2,699175E+0	12,221578E+3
6,100000E+0	12,000000E+0	0,000000E+0	39,065041E+0	2,784153E+0	12,225698E+3
6,200000E+0	12,000000E+0	0,000000E+0	42,473511E+0	3,105042E+0	12,230339E+3
6,300000E+0	12,000000E+0	0,000000E+0	44,361257E+0	3,933265E+0	12,235669E+3
6,400000E+0	12,000000E+0	0,000000E+0	46,893582E+0	4,380987E+0	12,241800E+3
6,500000E+0	12,000000E+0	0,000000E+0	48,693438E+0	5,022764E+0	12,248536E+3
6,600000E+0	12,000000E+0	0,000000E+0	50,829981E+0	5,429900E+0	12,256087E+3
6,700000E+0	12,000000E+0	0,000000E+0	53,247465E+0	5,663273E+0	12,264272E+3
6,800000E+0	12,000000E+0	0,000000E+0	54,352882E+0	6,341833E+0	12,273258E+3
6,900000E+0	12,000000E+0	0,000000E+0	55,740194E+0	6,799702E+0	12,282947E+3
7,000000E+0	12,000000E+0	0,000000E+0	56,661266E+0	7,351428E+0	12,293283E+3
7,100000E+0	12,000000E+0	0,000000E+0	57,950520E+0	7,672316E+0	12,304280E+3
7,200000E+0	12,000000E+0	0,000000E+0	58,024282E+0	8,387658E+0	12,315923E+3
7,300000E+0	12,000000E+0	0,000000E+0	59,048789E+0	8,628641E+0	12,328130E+3
7,400000E+0	12,000000E+0	0,000000E+0	61,895762E+0	8,154284E+0	12,340842E+3
7,500000E+0	12,000000E+0	0,000000E+0	60,116840E+0	9,472085E+0	12,354047E+3
7,600000E+0	12,000000E+0	0,000000E+0	62,095744E+0	9,174026E+0	12,367786E+3
7,700000E+0	12,000000E+0	0,000000E+0	63,461870E+0	9,153733E+0	12,381989E+3
7,800000E+0	12,000000E+0	0,000000E+0	63,112332E+0	9,771412E+0	12,396600E+3
7,900000E+0	12,000000E+0	0,000000E+0	61,601647E+0	10,712518E+0	12,411689E+3
8,000000E+0	12,000000E+0	0,000000E+0	63,118166E+0	10,372604E+0	12,427102E+3
8,100000E+0	12,000000E+0	0,000000E+0	61,403979E+0	11,285806E+0	12,442781E+3
8,200000E+0	12,000000E+0	0,000000E+0	65,446173E+0	9,913466E+0	12,458770E+3
8,300000E+0	12,000000E+0	0,000000E+0	63,632933E+0	10,942087E+0	12,474928E+3
8,400000E+0	12,000000E+0	0,000000E+0	63,115507E+0	11,314978E+0	12,491395E+3
8,500000E+0	12,000000E+0	0,000000E+0	62,301595E+0	11,733529E+0	12,508116E+3
8,600000E+0	12,000000E+0	0,000000E+0	62,991119E+0	11,524254E+0	12,524977E+3
8,700000E+0	12,000000E+0	0,000000E+0	62,505371E+0	11,785531E+0	12,541964E+3
8,800000E+0	12,000000E+0	0,000000E+0	65,348551E+0	10,770861E+0	12,559036E+3
8,900000E+0	12,000000E+0	0,000000E+0	63,974298E+0	11,490009E+0	12,576263E+3
9,000000E+0	12,000000E+0	0,000000E+0	63,346678E+0	11,809630E+0	12,593602E+3
9,100000E+0	12,000000E+0	0,000000E+0	62,214078E+0	12,261158E+0	12,611138E+3
9,200000E+0	12,000000E+0	0,000000E+0	64,188377E+0	11,486204E+0	12,628772E+3
9,300000E+0	12,000000E+0	0,000000E+0	63,867756E+0	11,692943E+0	12,646308E+3
9,400000E+0	12,000000E+0	0,000000E+0	62,532080E+0	12,239596E+0	12,664139E+3
9,500000E+0	12,000000E+0	0,000000E+0	64,410066E+0	11,503960E+0	12,681773E+3
9,600000E+0	12,000000E+0	0,000000E+0	61,817680E+0	12,547802E+0	12,699605E+3
9,700000E+0	12,000000E+0	0,000000E+0	65,034240E+0	11,264245E+0	12,717436E+3
9,800000E+0	12,000000E+0	0,000000E+0	61,277277E+0	12,779908E+0	12,735295E+3
9,900000E+0	12,000000E+0	0,000000E+0	62,469002E+0	12,205351E+0	12,753183E+3
10,000000E+0	12,000000E+0	0,000000E+0	62,884727E+0	12,016369E+0	12,771098E+3
10,100000E+0	12,000000E+0	0,000000E+0	62,078038E+0	12,311891E+0	12,789014E+3
10,200000E+0	12,000000E+0	0,000000E+0	62,125378E+0	12,240864E+0	12,807000E+3
10,300000E+0	12,000000E+0	0,000000E+0	60,967593E+0	12,627707E+0	12,824747E+3
10,400000E+0	12,000000E+0	0,000000E+0	65,676671E+0	10,778472E+0	12,842677E+3
10,500000E+0	12,000000E+0	0,000000E+0	61,123090E+0	12,672099E+0	12,860494E+3
10,600000E+0	12,000000E+0	0,000000E+0	64,360857E+0	11,359370E+0	12,878395E+3
10,700000E+0	12,000000E+0	0,000000E+0	61,900723E+0	12,379113E+0	12,896297E+3
10,800000E+0	12,000000E+0	0,000000E+0	65,878041E+0	10,843157E+0	12,914395E+3
10,900000E+0	12,000000E+0	0,000000E+0	61,181270E+0	12,778640E+0	12,932311E+3
11,000000E+0	12,000000E+0	0,000000E+0	64,246137E+0	11,511570E+0	12,950437E+3
11,100000E+0	12,000000E+0	0,000000E+0	61,561051E+0	12,588389E+0	12,968381E+3
11,200000E+0	12,000000E+0	0,000000E+0	65,825379E+0	10,910379E+0	12,986522E+3
11,300000E+0	12,000000E+0	0,000000E+0	61,646150E+0	12,642927E+0	13,004677E+3
11,400000E+0	12,000000E+0	0,000000E+0	61,948010E+0	12,420968E+0	13,022859E+3
11,500000E+0	12,000000E+0	0,000000E+0	61,944737E+0	12,349941E+0	13,041225E+3
11,600000E+0	12,000000E+0	0,000000E+0	61,261067E+0	12,542729E+0	13,059380E+3
11,700000E+0	12,000000E+0	0,000000E+0	63,835219E+0	11,497619E+0	13,077422E+3
11,800000E+0	12,000000E+0	0,000000E+0	60,090005E+0	12,968890E+0	13,095520E+3
11,900000E+0	12,000000E+0	0,000000E+0	63,958288E+0	11,372053E+0	13,113619E+3
12,000000E+0	12,000000E+0	0,000000E+0	60,305632E+0	12,830642E+0	13,131816E+3
12,100000E+0	12,000000E+0	0,000000E+0	66,062600E+0	10,559049E+0	13,149675E+3
12,200000E+0	12,000000E+0	0,000000E+0	60,420766E+0	12,892790E+0	13,167661E+3
12,300000E+0	12,000000E+0	0,000000E+0	64,187176E+0	11,346686E+0	13,185647E+3
12,400000E+0	12,000000E+0	0,000000E+0	60,916686E+0	12,668294E+0	13,203661E+3
12,500000E+0	12,000000E+0	0,000000E+0	66,646095E+0	10,434752E+0	13,221619E+3
12,600000E+0	12,000000E+0	0,000000E+0	60,780709E+0	12,872497E+0	13,239689E+3
12,700000E+0	12,000000E+0	0,000000E+0	64,601119E+0	11,309905E+0	13,257591E+3
12,800000E+0	12,000000E+0	0,000000E+0	61,104195E+0	12,721564E+0	13,275647E+3
12,900000E+0	12,000000E+0	0,000000E+0	66,174414E+0	10,722665E+0	13,293788E+3
13,000000E+0	12,000000E+0	0,000000E+0	60,785902E+0	12,934645E+0	13,311619E+3
13,100000E+0	12,000000E+0	0,000000E+0	64,416285E+0	11,431665E+0	13,329689E+3
13,200000E+0	12,000000E+0	0,000000E+0	61,065210E+0	12,768493E+0	13,347731E+3
13,300000E+0	12,000000E+0	0,000000E+0	66,291993E+0	10,703640E+0	13,365759E+3
13,400000E+0	12,000000E+0	0,000000E+0	61,135232E+0	12,833178E+0	13,383759E+3
13,500000E+0	12,000000E+0	0,000000E+0	64,730385E+0	11,360638E+0	13,401619E+3
13,600000E+0	12,000000E+0	0,000000E+0	61,103604E+0	12,811616E+0	13,419703E+3
13,700000E+0	12,000000E+0	0,000000E+0	66,310377E+0	10,746763E+0	13,437745E+3
13,800000E+0	12,000000E+0	0,000000E+0	61,459418E+0	12,755810E+0	13,455928E+3
13,900000E+0	12,000000E+0	0,000000E+0	63,224776E+0	11,973245E+0	13,473900E+3
14,000000E+0	12,000000E+0	0,000000E+0	60,997671E+0	12,801470E+0	13,492055E+3
14,100000E+0	12,000000E+0	0,000000E+0	64,240572E+0	11,464642E+0	13,510041E+3
14,200000E+0	12,000000E+0	0,000000E+0	61,501809E+0	12,569364E+0	13,528013E+3
14,300000E+0	12,000000E+0	0,000000E+0	62,276789E+0	12,185058E+0	13,546027E+3
14,400000E+0	12,000000E+0	0,000000E+0	60,705912E+0	12,734248E+0	13,564027E+3
14,500000E+0	12,000000E+0	0,000000E+0	64,573321E+0	11,177998E+0	13,581928E+3
14,600000E+0	12,000000E+0	0,000000E+0	60,942116E+0	12,661953E+0	13,599816E+3
14,700000E+0	12,000000E+0	0,000000E+0	63,958238E+0	11,432933E+0	13,617717E+3
14,800000E+0	12,000000E+0	0,000000E+0	61,220470E+0	12,542729E+0	13,635647E+3
14,900000E+0	12,000000E+0	0,000000E+0	65,468259E+0	10,878670E+0	13,653548E+3
15,000000E+0	12,000000E+0	0,000000E+0	60,586960E+0	12,876302E+0	13,671408E+3
15,100000E+0	12,000000E+0	0,000000E+0	62,347854E+0	12,074712E+0	13,689366E+3
15,200000E+0	12,000000E+0	0,000000E+0	61,750736E+0	12,282720E+0	13,707295E+3
15,300000E+0	12,000000E+0	0,000000E+0	62,281464E+0	12,037930E+0	13,725183E+3
15,400000E+0	12,000000E+0	0,000000E+0	61,687694E+0	12,251011E+0	13,743000E+3
15,500000E+0	12,000000E+0	0,000000E+0	61,049928E+0	12,443798E+0	13,760958E+3
15,600000E+0	12,000000E+0	0,000000E+0	65,501381E+0	10,721396E+0	13,778634E+3
15,700000E+0	12,000000E+0	0,000000E+0	60,988002E+0	12,609951E+0	13,796452E+3
15,800000E+0	12,000000E+0	0,000000E+0	63,260025E+0	11,665039E+0	13,814297E+3
15,900000E+0	12,000000E+0	0,000000E+0	62,146501E+0	12,134324E+0	13,832114E+3
16,000000E+0	12,000000E+0	0,000000E+0	62,732366E+0	11,894608E+0	13,849988E+3
16,100000E+0	12,000000E+0	0,000000E+0	61,796977E+0	12,258621E+0	13,867875E+3
16,200000E+0	12,000000E+0	0,000000E+0	61,135102E+0	12,459018E+0	13,885692E+3
16,300000E+0	12,000000E+0	0,000000E+0	64,890147E+0	10,991552E+0	13,903481E+3
16,400000E+0	12,000000E+0	0,000000E+0	61,064227E+0	12,579511E+0	13,921327E+3
16,500000E+0	12,000000E+0	0,000000E+0	63,192614E+0	11,692943E+0	13,939172E+3
16,600000E+0	12,000000E+0	0,000000E+0	61,730043E+0	12,286525E+0	13,957003E+3
16,700000E+0	12,000000E+0	0,000000E+0	62,886619E+0	11,809630E+0	13,974792E+3
16,800000E+0	12,000000E+0	0,000000E+0	61,373335E+0	12,401943E+0	13,992736E+3
16,900000E+0	12,000000E+0	0,000000E+0	60,816438E+0	12,538924E+0	14,010455E+3
17,000000E+0	12,000000E+0	0,000000E+0	65,103718E+0	10,860913E+0	14,028258E+3
17,100000E+0	12,000000E+0	0,000000E+0	60,474159E+0	12,768493E+0	14,045948E+3
17,200000E+0	2,000000E+0	0,000000E+0	57,809696E+0	11,906023E+0	14,063780E+3
17,300000E+0	2,000000E+0	0,000000E+0	53,319618E+0	11,866705E+0	14,081541E+3
17,400000E+0	2,000000E+0	0,000000E+0	48,189304E+0	12,070907E+0	14,099048E+3
17,500000E+0	2,000000E+0	0,000000E+0	44,233186E+0	11,805825E+0	14,116120E+3
17,600000E+0	2,000000E+0	0,000000E+0	40,465229E+0	11,516644E+0	14,132658E+3
17,700000E+0	2,000000E+0	0,000000E+0	39,465371E+0	10,253380E+0	14,148591E+3
17,800000E+0	2,000000E+0	0,000000E+0	35,035626E+0	10,475339E+0	14,163891E+3
17,900000E+0	2,000000E+0	0,000000E+0	32,512627E+0	9,954053E+0	14,178544E+3
18,000000E+0	2,000000E+0	0,000000E+0	29,579884E+0	9,673750E+0	14,192550E+3
18,100000E+0	2,000000E+0	0,000000E+0	31,551176E+0	7,627925E+0	14,205642E+3
18,200000E+0	2,000000E+0	0,000000E+0	27,029544E+0	8,334388E+0	14,218144E+3
18,300000E+0	2,000000E+0	0,000000E+0	26,868347E+0	7,307036E+0	14,230013E+3
18,400000E+0	2,000000E+0	0,000000E+0	24,035488E+0	7,444016E+0	14,241220E+3
18,500000E+0	2,000000E+0	0,000000E+0	22,610359E+0	7,036880E+0	14,251725E+3
18,600000E+0	2,000000E+0	0,000000E+0	20,839127E+0	6,827605E+0	14,261639E+3
18,700000E+0	2,000000E+0	0,000000E+0	20,427084E+0	6,151582E+0	14,270977E+3
18,800000E+0	2,000000E+0	0,000000E+0	19,711390E+0	5,703860E+0	14,279611E+3
18,900000E+0	2,000000E+0	0,000000E+0	19,584123E+0	5,115353E+0	14,287767E+3
19,000000E+0	2,000000E+0	0,000000E+0	17,816219E+0	5,234576E+0	14,295347E+3
19,100000E+0	2,000000E+0	0,000000E+0	17,776376E+0	4,694266E+0	14,302477E+3
19,200000E+0	2,000000E+0	0,000000E+0	17,486518E+0	4,339132E+0	14,309156E+3
19,300000E+0	2,000000E+0	0,000000E+0	17,111083E+0	4,076587E+0	14,315344E+3
19,400000E+0	2,000000E+0	0,000000E+0	17,587970E+0	3,543886E+0	14,321109E+3
19,500000E+0	2,000000E+0	0,000000E+0	16,545797E+0	3,664378E+0	14,326622E+3
19,600000E+0	2,000000E+0	0,000000E+0	16,305110E+0	3,467786E+0	14,331769E+3
19,700000E+0	2,000000E+0	0,000000E+0	16,028747E+0	3,318122E+0	14,336550E+3
19,800000E+0	2,000000E+0	0,000000E+0	15,986448E+0	3,107579E+0	14,341134E+3
19,900000E+0	2,000000E+0	0,000000E+0	16,470539E+0	2,738493E+0	14,345409E+3
20,000000E+0	2,000000E+0	0,000000E+0	16,844659E+0	2,473411E+0	14,349403E+3
20,100000E+0	2,000000E+0	0,000000E+0	16,069405E+0	2,678882E+0	14,353298E+3
20,200000E+0	2,000000E+0	0,000000E+0	16,574073E+0	2,375750E+0	14,357039E+3
20,300000E+0	2,000000E+0	0,000000E+0	16,259112E+0	2,427751E+0	14,360555E+3
20,400000E+0	2,000000E+0	0,000000E+0	17,185537E+0	2,011738E+0	14,363930E+3
20,500000E+0	2,000000E+0	0,000000E+0	16,380999E+0	2,307260E+0	14,367248E+3
20,600000E+0	2,000000E+0	0,000000E+0	16,447635E+0	2,229891E+0	14,370497E+3
20,700000E+0	2,000000E+0	0,000000E+0	17,664782E+0	1,740314E+0	14,373577E+3
20,800000E+0	2,000000E+0	0,000000E+0	16,814706E+0	2,099253E+0	14,376586E+3
20,900000E+0	2,000000E+0	0,000000E+0	16,833815E+0	2,075154E+0	14,379539E+3
21,000000E+0	2,000000E+0	0,000000E+0	16,970422E+0	2,011738E+0	14,382520E+3
21,100000E+0	2,000000E+0	0,000000E+0	17,301075E+0	1,887441E+0	14,385445E+3
21,200000E+0	2,000000E+0	0,000000E+0	17,754563E+0	1,739046E+0	14,388258E+3
21,300000E+0	2,000000E+0	0,000000E+0	17,234315E+0	1,976224E+0	14,391056E+3
21,400000E+0	2,000000E+0	0,000000E+0	17,440832E+0	1,903929E+0	14,393841E+3
21,500000E+0	2,000000E+0	0,000000E+0	17,300212E+0	1,972419E+0	14,396695E+3
21,600000E+0	2,000000E+0	0,000000E+0	17,391890E+0	1,943248E+0	14,399508E+3
21,700000E+0	2,000000E+0	0,000000E+0	18,234462E+0	1,641384E+0	14,402264E+3
21,800000E+0	2,000000E+0	0,000000E+0	17,900142E+0	1,826561E+0	14,404992E+3
21,900000E+0	2,000000E+0	0,000000E+0	17,915456E+0	1,850659E+0	14,407734E+3
22,000000E+0	2,000000E+0	0,000000E+0	17,655511E+0	1,972419E+0	14,410547E+3
22,100000E+0	2,000000E+0	0,000000E+0	17,668308E+0	1,972419E+0	14,413373E+3
22,200000E+0	2,000000E+0	0,000000E+0	18,027493E+0	1,844317E+0	14,416130E+3
22,300000E+0	2,000000E+0	0,000000E+0	18,062004E+0	1,858269E+0	14,418830E+3
22,400000E+0	2,000000E+0	0,000000E+0	18,669641E+0	1,657872E+0	14,421586E+3
22,500000E+0	2,000000E+0	0,000000E+0	18,039585E+0	1,949589E+0	14,424413E+3
22,600000E+0	2,000000E+0	0,000000E+0	17,980666E+0	1,980029E+0	14,427295E+3
22,700000E+0	2,000000E+0	0,000000E+0	17,948778E+0	1,995249E+0	14,430150E+3
22,800000E+0	2,000000E+0	0,000000E+0	18,012714E+0	1,972419E+0	14,432934E+3
22,900000E+0	2,000000E+0	0,000000E+0	18,454209E+0	1,813877E+0	14,435747E+3
23,000000E+0	2,000000E+0	0,000000E+0	18,262774E+0	1,916612E+0	14,438616E+3
23,100000E+0	2,000000E+0	0,000000E+0	18,253452E+0	1,934369E+0	14,441484E+3
23,200000E+0	2,000000E+0	0,000000E+0	18,047264E+0	2,021884E+0	14,444353E+3
23,300000E+0	2,000000E+0	0,000000E+0	18,181152E+0	1,968614E+0	14,447166E+3
23,400000E+0	2,000000E+0	0,000000E+0	18,398060E+0	1,893782E+0	14,449978E+3
23,500000E+0	2,000000E+0	0,000000E+0	18,498788E+0	1,874757E+0	14,452861E+3
23,600000E+0	2,000000E+0	0,000000E+0	18,423147E+0	1,924222E+0	14,455786E+3
23,700000E+0	2,000000E+0	0,000000E+0	18,129069E+0	2,045983E+0	14,458683E+3
23,800000E+0	2,000000E+0	0,000000E+0	18,203761E+0	2,010469E+0	14,461538E+3
23,900000E+0	2,000000E+0	0,000000E+0	18,486988E+0	1,903929E+0	14,464392E+3
24,000000E+0	2,000000E+0	0,000000E+0	18,493839E+0	1,917881E+0	14,467317E+3
24,100000E+0	2,000000E+0	0,000000E+0	18,398189E+0	1,967346E+0	14,470256E+3
24,200000E+0	2,000000E+0	0,000000E+0	18,042946E+0	2,104326E+0	14,473223E+3
24,300000E+0	2,000000E+0	0,000000E+0	18,251757E+0	2,009201E+0	14,476078E+3
24,400000E+0	2,000000E+0	0,000000E+0	18,713910E+0	1,836707E+0	14,478989E+3
24,500000E+0	2,000000E+0	0,000000E+0	18,408995E+0	1,977493E+0	14,481900E+3
24,600000E+0	2,000000E+0	0,000000E+0	18,206805E+0	2,056129E+0	14,484881E+3
24,700000E+0	2,000000E+0	0,000000E+0	18,269930E+0	2,023153E+0	14,487834E+3
24,800000E+0	2,000000E+0	0,000000E+0	18,317490E+0	2,001591E+0	14,490689E+3
24,900000E+0	2,000000E+0	0,000000E+0	19,030104E+0	1,737777E+0	14,493586E+3
25,000000E+0	2,000000E+0	0,000000E+0	18,294381E+0	2,054861E+0	14,496553E+3
25,100000E+0	2,000000E+0	0,000000E+0	18,076869E+0	2,125888E+0	14,499577E+3
25,200000E+0	2,000000E+0	0,000000E+0	18,309971E+0	2,018079E+0	14,502544E+3
25,300000E+0	2,000000E+0	0,000000E+0	18,613674E+0	1,902661E+0	14,505455E+3
25,400000E+0	2,000000E+0	0,000000E+0	18,693135E+0	1,889977E+0	14,508380E+3
25,500000E+0	2,000000E+0	0,000000E+0	18,164587E+0	2,104326E+0	14,511375E+3
25,600000E+0	2,000000E+0	0,000000E+0	18,044158E+0	2,130961E+0	14,514384E+3
25,700000E+0	2,000000E+0	0,000000E+0	18,713892E+0	1,860806E+0	14,517352E+3
25,800000E+0	2,000000E+0	0,000000E+0	18,531549E+0	1,952126E+0	14,520248E+3
25,900000E+0	2,000000E+0	0,000000E+0	18,344558E+0	2,029494E+0	14,523202E+3
26,000000E+0	2,000000E+0	0,000000E+0	18,149105E+0	2,096716E+0	14,526197E+3
26,100000E+0	2,000000E+0	0,000000E+0	18,320293E+0	2,016811E+0	14,529206E+3
26,200000E+0	2,000000E+0	0,000000E+0	19,008696E+0	1,759339E+0	14,532145E+3
26,300000E+0	2,000000E+0	0,000000E+0	18,249251E+0	2,081496E+0	14,535056E+3
26,400000E+0	2,000000E+0	0,000000E+0	18,180570E+0	2,092911E+0	14,538023E+3
26,500000E+0	2,000000E+0	0,000000E+0	18,387819E+0	2,000323E+0	14,541033E+3
26,600000E+0	2,000000E+0	0,000000E+0	18,689472E+0	1,888709E+0	14,544056E+3
26,700000E+0	2,000000E+0	0,000000E+0	18,597068E+0	1,941979E+0	14,546995E+3
26,800000E+0	2,000000E+0	0,000000E+0	18,133561E+0	2,123351E+0	14,549920E+3
26,900000E+0	2,000000E+0	0,000000E+0	18,134629E+0	2,101789E+0	14,552916E+3
27,000000E+0	2,000000E+0	0,000000E+0	18,869342E+0	1,812609E+0	14,555911E+3
27,100000E+0	2,000000E+0	0,000000E+0	18,417848E+0	2,011738E+0	14,558920E+3
27,200000E+0	2,000000E+0	0,000000E+0	18,371246E+0	2,026958E+0	14,561845E+3
27,300000E+0	2,000000E+0	0,000000E+0	18,221555E+0	2,077691E+0	14,564756E+3
27,400000E+0	2,000000E+0	0,000000E+0	18,463302E+0	1,974956E+0	14,567723E+3
27,500000E+0	2,000000E+0	0,000000E+0	18,714993E+0	1,886172E+0	14,570705E+3
27,600000E+0	2,000000E+0	0,000000E+0	18,212218E+0	2,091643E+0	14,573700E+3
27,700000E+0	2,000000E+0	0,000000E+0	18,200562E+0	2,080228E+0	14,576625E+3
27,800000E+0	2,000000E+0	0,000000E+0	18,502864E+0	1,954663E+0	14,579564E+3
27,900000E+0	2,000000E+0	0,000000E+0	18,606210E+0	1,924222E+0	14,582517E+3
28,000000E+0	2,000000E+0	0,000000E+0	18,367005E+0	2,025689E+0	14,585527E+3
28,100000E+0	2,000000E+0	0,000000E+0	18,396240E+0	2,010469E+0	14,588480E+3
28,200000E+0	2,000000E+0	0,000000E+0	18,353657E+0	2,024421E+0	14,591377E+3
28,300000E+0	2,000000E+0	0,000000E+0	18,915065E+0	1,812609E+0	14,594302E+3
28,400000E+0	2,000000E+0	0,000000E+0	18,360684E+0	2,049788E+0	14,597283E+3
28,500000E+0	2,000000E+0	0,000000E+0	18,272420E+0	2,073886E+0	14,600320E+3
28,600000E+0	2,000000E+0	0,000000E+0	18,310158E+0	2,047251E+0	14,603273E+3
28,700000E+0	2,000000E+0	0,000000E+0	18,504297E+0	1,967346E+0	14,606184E+3
28,800000E+0	2,000000E+0	0,000000E+0	18,701216E+0	1,900124E+0	14,609123E+3
28,900000E+0	2,000000E+0	0,000000E+0	18,133664E+0	2,127156E+0	14,612119E+3
29,000000E+0	2,000000E+0	0,000000E+0	18,091812E+0	2,120814E+0	14,615156E+3
29,100000E+0	0,000000E+0	0,000000E+0	17,786810E+0	1,869684E+0	14,618109E+3
29,200000E+0	0,000000E+0	0,000000E+0	16,706643E+0	1,948321E+0	14,621020E+3
29,300000E+0	0,000000E+0	0,000000E+0	15,764897E+0	1,962273E+0	14,623917E+3
29,400000E+0	0,000000E+0	0,000000E+0	14,765233E+0	1,995249E+0	14,626814E+3
29,500000E+0	0,000000E+0	0,000000E+0	14,055501E+0	1,915344E+0	14,629613E+3
29,600000E+0	0,000000E+0	0,000000E+0	13,688077E+0	1,722557E+0	14,632256E+3
29,700000E+0	0,000000E+0	0,000000E+0	13,046571E+0	1,664214E+0	14,634717E+3
29,800000E+0	0,000000E+0	0,000000E+0	12,538453E+0	1,566552E+0	14,637080E+3
29,900000E+0	0,000000E+0	0,000000E+0	11,808144E+0	1,567820E+0	14,639386E+3
30,000000E+0	0,000000E+0	0,000000E+0	11,389337E+0	1,453670E+0	14,641580E+3
30,100000E+0	0,000000E+0	0,000000E+0	10,865735E+0	1,397864E+0	14,643647E+3
30,200000E+0	0,000000E+0	0,000000E+0	10,604669E+0	1,254542E+0	14,645559E+3
30,300000E+0	0,000000E+0	0,000000E+0	10,773639E+0	976,776365E-3	14,647261E+3
30,400000E+0	0,000000E+0	0,000000E+0	10,059767E+0	1,073170E+0	14,648822E+3
30,500000E+0	0,000000E+0	0,000000E+0	9,729865E+0	1,011021E+0	14,650284E+3
30,600000E+0	0,000000E+0	0,000000E+0	9,586561E+0	890,529591E-3	14,651677E+3
30,700000E+0	0,000000E+0	0,000000E+0	9,149348E+0	899,407935E-3	14,652998E+3
30,800000E+0	0,000000E+0	0,000000E+0	9,188157E+0	730,719388E-3	14,654208E+3
30,900000E+0	0,000000E+0	0,000000E+0	8,797660E+0	749,744413E-3	14,655347E+3
31,000000E+0	0,000000E+0	0,000000E+0	8,710426E+0	653,350956E-3	14,656359E+3
31,100000E+0	0,000000E+0	0,000000E+0	8,595898E+0	583,592532E-3	14,657316E+3
31,200000E+0	0,000000E+0	0,000000E+0	8,318252E+0	586,129202E-3	14,658173E+3
31,300000E+0	0,000000E+0	0,000000E+0	8,358380E+0	470,710718E-3	14,658961E+3
31,400000E+0	0,000000E+0	0,000000E+0	8,407477E+0	371,780587E-3	14,659594E+3
31,500000E+0	0,000000E+0	0,000000E+0	8,440745E+0	295,680485E-3	14,660086E+3
31,600000E+0	0,000000E+0	0,000000E+0	8,399578E+0	260,167104E-3	14,660480E+3
31,700000E+0	0,000000E+0	0,000000E+0	8,436621E+0	201,823691E-3	14,660789E+3
31,800000E+0	0,000000E+0	0,000000E+0	8,483587E+0	149,821953E-3	14,661028E+3
31,900000E+0	0,000000E+0	0,000000E+0	8,513528E+0	113,040236E-3	14,661225E+3
32,000000E+0	0,000000E+0	0,000000E+0	8,447359E+0	118,113577E-3	14,661394E+3
32,100000E+0	0,000000E+0	0,000000E+0	8,371977E+0	125,723587E-3	14,661591E+3
32,200000E+0	0,000000E+0	0,000000E+0	8,289634E+0	134,601933E-3	14,661802E+3
32,300000E+0	0,000000E+0	0,000000E+0	8,247756E+0	126,991922E-3	14,662013E+3
32,400000E+0	0,000000E+0	0,000000E+0	8,181973E+0	129,528592E-3	14,662195E+3
32,500000E+0	0,000000E+0	0,000000E+0	8,235047E+0	87,673535E-3	14,662350E+3
32,600000E+0	0,000000E+0	0,000000E+0	8,249240E+0	67,380173E-3	14,662462E+3
32,700000E+0	0,000000E+0	0,000000E+0	8,190539E+0	77,526854E-3	14,662561E+3
32,800000E+0	0,000000E+0	0,000000E+0	8,161426E+0	74,990184E-3	14,662673E+3
32,900000E+0	0,000000E+0	0,000000E+0	8,085475E+0	90,210205E-3	14,662800E+3
33,000000E+0	0,000000E+0	0,000000E+0	7,954449E+0	123,186917E-3	14,662955E+3
33,100000E+0	0,000000E+0	0,000000E+0	7,979600E+0	92,746875E-3	14,663109E+3
33,200000E+0	0,000000E+0	0,000000E+0	7,929706E+0	95,283545E-3	14,663250E+3
33,300000E+0	0,000000E+0	0,000000E+0	7,861488E+0	104,161891E-3	14,663377E+3
33,400000E+0	0,000000E+0	0,000000E+0	7,864600E+0	85,136864E-3	14,663503E+3
33,500000E+0	0,000000E+0	0,000000E+0	7,821667E+0	86,405199E-3	14,663616E+3
33,600000E+0	0,000000E+0	0,000000E+0	7,771286E+0	90,210205E-3	14,663742E+3
33,700000E+0	0,000000E+0	0,000000E+0	7,629971E+0	126,991922E-3	14,663911E+3
33,800000E+0	0,000000E+0	0,000000E+0	7,468159E+0	165,041974E-3	14,664136E+3
33,900000E+0	0,000000E+0	0,000000E+0	7,384721E+0	167,578644E-3	14,664389E+3
34,000000E+0	0,000000E+0	0,000000E+0	7,276098E+0	178,993660E-3	14,664642E+3
34,100000E+0	0,000000E+0	0,000000E+0	7,268496E+0	151,090288E-3	14,664867E+3
34,200000E+0	0,000000E+0	0,000000E+0	7,170953E+0	161,236969E-3	14,665092E+3
34,300000E+0	0,000000E+0	0,000000E+0	7,017259E+0	190,408676E-3	14,665345E+3
34,400000E+0	0,000000E+0	0,000000E+0	6,908332E+0	198,018686E-3	14,665627E+3
34,500000E+0	0,000000E+0	0,000000E+0	6,905620E+0	165,041974E-3	14,665894E+3
34,600000E+0	0,000000E+0	0,000000E+0	6,921639E+0	130,796927E-3	14,666119E+3
34,700000E+0	0,000000E+0	0,000000E+0	6,926112E+0	106,698561E-3	14,666302E+3
34,800000E+0	0,000000E+0	0,000000E+0	6,941765E+0	82,600194E-3	14,666456E+3
34,900000E+0	0,000000E+0	0,000000E+0	6,930876E+0	72,453514E-3	14,666597E+3
35,000000E+0	0,000000E+0	0,000000E+0	6,986426E+0	39,476801E-3	14,666681E+3
35,100000E+0	0,000000E+0	0,000000E+0	6,944102E+0	48,355147E-3	14,666738E+3
35,200000E+0	0,000000E+0	0,000000E+0	7,010834E+0	15,378434E-3	14,666780E+3
35,300000E+0	0,000000E+0	0,000000E+0	7,020846E+0	9,036759E-3	14,666808E+3
35,400000E+0	0,000000E+0	0,000000E+0	7,006365E+0	12,841764E-3	14,666808E+3
35,500000E+0	0,000000E+0	0,000000E+0	7,027843E+0	2,695083E-3	14,666808E+3
35,600000E+0	0,000000E+0	0,000000E+0	7,002585E+0	11,573429E-3	14,666808E+3
35,700000E+0	0,000000E+0	0,000000E+0	7,048659E+0	-7,451598E-3	14,666808E+3
35,800000E+0	0,000000E+0	0,000000E+0	7,052116E+0	-7,451598E-3	14,666808E+3
35,900000E+0	0,000000E+0	0,000000E+0	7,034996E+0	158,412962E-6	14,666808E+3
36,000000E+0	0,000000E+0	0,000000E+0	7,055500E+0	-7,451598E-3	14,666808E+3
36,100000E+0	0,000000E+0	0,000000E+0	7,052099E+0	-4,914927E-3	14,666808E+3
36,200000E+0	0,000000E+0	0,000000E+0	7,002936E+0	14,110099E-3	14,666808E+3
36,300000E+0	0,000000E+0	0,000000E+0	7,054691E+0	-7,451598E-3	14,666808E+3
36,400000E+0	0,000000E+0	0,000000E+0	7,054719E+0	-6,183263E-3	14,666808E+3
36,500000E+0	0,000000E+0	0,000000E+0	7,047300E+0	-2,378257E-3	14,666808E+3
36,600000E+0	0,000000E+0	0,000000E+0	7,017537E+0	9,036759E-3	14,666822E+3
36,700000E+0	0,000000E+0	0,000000E+0	7,037351E+0	158,412962E-6	14,666822E+3
36,800000E+0	0,000000E+0	0,000000E+0	7,054425E+0	-6,183263E-3	14,666822E+3
36,900000E+0	0,000000E+0	0,000000E+0	7,060724E+0	-7,451598E-3	14,666822E+3
37,000000E+0	0,000000E+0	0,000000E+0	7,060752E+0	-6,183263E-3	14,666822E+3
37,100000E+0	0,000000E+0	0,000000E+0	7,025895E+0	7,768424E-3	14,666822E+3
37,200000E+0	0,000000E+0	0,000000E+0	7,022291E+0	7,768424E-3	14,666822E+3
37,300000E+0	0,000000E+0	0,000000E+0	7,001539E+0	14,110099E-3	14,666822E+3
37,400000E+0	0,000000E+0	0,000000E+0	6,998421E+0	12,841764E-3	14,666822E+3
37,500000E+0	0,000000E+0	0,000000E+0	7,043906E+0	-6,183263E-3	14,666822E+3
37,600000E+0	0,000000E+0	0,000000E+0	6,991902E+0	14,110099E-3	14,666822E+3
37,700000E+0	0,000000E+0	0,000000E+0	6,999073E+0	9,036759E-3	14,666822E+3
37,800000E+0	0,000000E+0	0,000000E+0	7,005169E+0	5,231753E-3	14,666822E+3
37,900000E+0	0,000000E+0	0,000000E+0	7,040467E+0	-8,719933E-3	14,666822E+3
38,000000E+0	0,000000E+0	0,000000E+0	6,999928E+0	7,768424E-3	14,666822E+3
38,100000E+0	0,000000E+0	0,000000E+0	6,982605E+0	12,841764E-3	14,666822E+3
38,200000E+0	0,000000E+0	0,000000E+0	7,017802E+0	-2,378257E-3	14,666822E+3
38,300000E+0	0,000000E+0	0,000000E+0	6,998328E+0	5,231753E-3	14,666822E+3
38,400000E+0	0,000000E+0	0,000000E+0	7,030196E+0	-7,451598E-3	14,666822E+3
38,500000E+0	0,000000E+0	0,000000E+0	6,982210E+0	11,573429E-3	14,666822E+3
38,600000E+0	0,000000E+0	0,000000E+0	7,011136E+0	-1,109922E-3	14,666822E+3
38,700000E+0	0,000000E+0	0,000000E+0	6,970496E+0	14,110099E-3	14,666822E+3
38,800000E+0	0,000000E+0	0,000000E+0	6,998244E+0	1,426748E-3	14,666822E+3
38,900000E+0	12,000000E+0	0,000000E+0	12,548434E+0	7,768424E-3	14,666822E+3
39,000000E+0	12,000000E+0	0,000000E+0	17,869330E+0	97,820215E-3	14,666864E+3
39,100000E+0	12,000000E+0	0,000000E+0	22,874075E+0	289,338810E-3	14,667131E+3
39,200000E+0	12,000000E+0	0,000000E+0	27,409272E+0	621,642581E-3	14,667778E+3
39,300000E+0	12,000000E+0	0,000000E+0	31,800570E+0	950,141332E-3	14,668945E+3
39,400000E+0	12,000000E+0	0,000000E+0	35,765077E+0	1,380107E+0	14,670773E+3
39,500000E+0	12,000000E+0	0,000000E+0	39,166546E+0	1,944516E+0	14,673277E+3
39,600000E+0	12,000000E+0	0,000000E+0	42,806847E+0	2,323748E+0	14,676483E+3
39,700000E+0	12,000000E+0	0,000000E+0	45,839057E+0	2,862790E+0	14,680448E+3
39,800000E+0	12,000000E+0	0,000000E+0	48,713751E+0	3,367587E+0	14,685356E+3
39,900000E+0	12,000000E+0	0,000000E+0	50,507113E+0	4,185663E+0	14,691122E+3
40,000000E+0	12,000000E+0	0,000000E+0	53,086944E+0	4,572505E+0	14,697717E+3
40,100000E+0	12,000000E+0	0,000000E+0	55,271217E+0	5,039253E+0	14,705227E+3
40,200000E+0	12,000000E+0	0,000000E+0	55,596152E+0	6,113532E+0	14,713538E+3
40,300000E+0	12,000000E+0	0,000000E+0	56,458353E+0	6,804775E+0	14,722664E+3
40,400000E+0	12,000000E+0	0,000000E+0	58,100711E+0	7,088882E+0	14,732592E+3
40,500000E+0	12,000000E+0	0,000000E+0	62,118266E+0	6,445836E+0	14,743153E+3
40,600000E+0	12,000000E+0	0,000000E+0	59,815108E+0	8,250677E+0	14,754403E+3
40,700000E+0	12,000000E+0	0,000000E+0	60,848300E+0	8,511955E+0	14,766525E+3
40,800000E+0	12,000000E+0	0,000000E+0	62,501049E+0	8,499271E+0	14,779041E+3
40,900000E+0	12,000000E+0	0,000000E+0	62,173956E+0	9,220954E+0	14,792189E+3
41,000000E+0	12,000000E+0	0,000000E+0	65,270822E+0	8,552541E+0	14,805886E+3
41,100000E+0	12,000000E+0	0,000000E+0	67,007626E+0	8,501808E+0	14,820061E+3
41,200000E+0	12,000000E+0	0,000000E+0	65,489291E+0	9,663604E+0	14,834939E+3
41,300000E+0	12,000000E+0	0,000000E+0	63,370149E+0	10,848230E+0	14,850056E+3
41,400000E+0	12,000000E+0	0,000000E+0	65,591925E+0	10,224208E+0	14,865694E+3
41,500000E+0	12,000000E+0	0,000000E+0	63,733959E+0	11,216048E+0	14,881627E+3
41,600000E+0	12,000000E+0	0,000000E+0	63,778761E+0	11,334003E+0	14,897897E+3
41,700000E+0	12,000000E+0	0,000000E+0	63,178944E+0	11,670112E+0	14,914392E+3
41,800000E+0	12,000000E+0	0,000000E+0	64,072802E+0	11,396152E+0	14,931239E+3
41,900000E+0	12,000000E+0	0,000000E+0	63,097760E+0	11,860363E+0	14,947988E+3
42,000000E+0	12,000000E+0	0,000000E+0	63,443777E+0	11,756359E+0	14,965003E+3
42,100000E+0	12,000000E+0	0,000000E+0	62,181563E+0	12,264963E+0	14,982103E+3
42,200000E+0	12,000000E+0	0,000000E+0	62,744537E+0	12,011295E+0	14,999428E+3
42,300000E+0	12,000000E+0	0,000000E+0	65,582421E+0	10,959844E+0	15,016655E+3
42,400000E+0	12,000000E+0	0,000000E+0	63,983297E+0	11,729724E+0	15,034078E+3
42,500000E+0	12,000000E+0	0,000000E+0	62,747159E+0	12,233254E+0	15,051600E+3
42,600000E+0	12,000000E+0	0,000000E+0	64,000475E+0	11,729724E+0	15,069206E+3
42,700000E+0	12,000000E+0	0,000000E+0	63,361085E+0	12,012564E+0	15,086883E+3
42,800000E+0	12,000000E+0	0,000000E+0	61,726203E+0	12,615024E+0	15,104630E+3
42,900000E+0	12,000000E+0	0,000000E+0	66,708673E+0	10,666858E+0	15,122363E+3
43,000000E+0	12,000000E+0	0,000000E+0	61,582697E+0	12,791323E+0	15,140138E+3
43,100000E+0	12,000000E+0	0,000000E+0	62,920027E+0	12,160959E+0	15,158025E+3
43,200000E+0	12,000000E+0	0,000000E+0	63,222596E+0	12,021442E+0	15,175941E+3
43,300000E+0	12,000000E+0	0,000000E+0	62,667343E+0	12,223108E+0	15,193828E+3
43,400000E+0	12,000000E+0	0,000000E+0	62,752448E+0	12,153349E+0	15,211702E+3
43,500000E+0	12,000000E+0	0,000000E+0	61,323179E+0	12,655611E+0	15,229589E+3
43,600000E+0	12,000000E+0	0,000000E+0	65,820393E+0	10,879938E+0	15,247491E+3
43,700000E+0	12,000000E+0	0,000000E+0	61,754748E+0	12,575706E+0	15,265392E+3
43,800000E+0	12,000000E+0	0,000000E+0	64,584535E+0	11,430397E+0	15,283322E+3
43,900000E+0	12,000000E+0	0,000000E+0	61,858233E+0	12,536387E+0	15,301252E+3
44,000000E+0	12,000000E+0	0,000000E+0	66,266725E+0	10,813985E+0	15,319392E+3
44,100000E+0	12,000000E+0	0,000000E+0	61,679519E+0	12,713954E+0	15,337336E+3
44,200000E+0	12,000000E+0	0,000000E+0	64,414293E+0	11,580061E+0	15,355336E+3
44,300000E+0	12,000000E+0	0,000000E+0	61,580821E+0	12,700003E+0	15,373364E+3
44,400000E+0	12,000000E+0	0,000000E+0	66,036861E+0	10,931940E+0	15,391448E+3
44,500000E+0	12,000000E+0	0,000000E+0	62,142572E+0	12,555412E+0	15,409533E+3
44,600000E+0	12,000000E+0	0,000000E+0	62,375292E+0	12,374040E+0	15,427631E+3
44,700000E+0	12,000000E+0	0,000000E+0	61,327193E+0	12,697466E+0	15,445716E+3
44,800000E+0	12,000000E+0	0,000000E+0	62,941285E+0	11,980855E+0	15,463800E+3
44,900000E+0	12,000000E+0	0,000000E+0	62,058476E+0	12,310623E+0	15,481800E+3
45,000000E+0	12,000000E+0	0,000000E+0	61,972650E+0	12,289061E+0	15,499786E+3
45,100000E+0	12,000000E+0	0,000000E+0	61,001706E+0	12,598536E+0	15,517702E+3
45,200000E+0	12,000000E+0	0,000000E+0	64,002669E+0	11,386005E+0	15,535631E+3
45,300000E+0	12,000000E+0	0,000000E+0	61,310683E+0	12,486922E+0	15,553519E+3
45,400000E+0	12,000000E+0	0,000000E+0	63,262538E+0	11,681528E+0	15,571392E+3
45,500000E+0	12,000000E+0	0,000000E+0	61,239382E+0	12,484385E+0	15,589266E+3
45,600000E+0	12,000000E+0	0,000000E+0	64,968938E+0	11,021992E+0	15,607153E+3
45,700000E+0	12,000000E+0	0,000000E+0	60,929977E+0	12,683514E+0	15,625209E+3
45,800000E+0	12,000000E+0	0,000000E+0	62,289894E+0	12,063297E+0	15,642984E+3
45,900000E+0	12,000000E+0	0,000000E+0	61,869552E+0	12,207888E+0	15,660858E+3
46,000000E+0	12,000000E+0	0,000000E+0	62,596192E+0	11,903487E+0	15,678745E+3
46,100000E+0	12,000000E+0	0,000000E+0	61,684120E+0	12,257353E+0	15,696661E+3
46,200000E+0	12,000000E+0	0,000000E+0	61,046841E+0	12,448872E+0	15,714492E+3
46,300000E+0	12,000000E+0	0,000000E+0	64,686558E+0	11,025797E+0	15,732267E+3
46,400000E+0	12,000000E+0	0,000000E+0	60,875615E+0	12,602341E+0	15,750113E+3
46,500000E+0	12,000000E+0	0,000000E+0	63,250627E+0	11,620647E+0	15,768000E+3
46,600000E+0	12,000000E+0	0,000000E+0	61,578101E+0	12,304281E+0	15,785831E+3
46,700000E+0	12,000000E+0	0,000000E+0	63,666144E+0	11,479862E+0	15,803775E+3
46,800000E+0	12,000000E+0	0,000000E+0	61,503350E+0	12,368967E+0	15,821480E+3
46,900000E+0	12,000000E+0	0,000000E+0	61,277276E+0	12,389260E+0	15,839381E+3
47,000000E+0	12,000000E+0	0,000000E+0	64,052961E+0	11,295953E+0	15,857198E+3
47,100000E+0	12,000000E+0	0,000000E+0	60,768286E+0	12,631512E+0	15,875002E+3
47,200000E+0	12,000000E+0	0,000000E+0	64,278674E+0	11,224926E+0	15,892819E+3
47,300000E+0	12,000000E+0	0,000000E+0	61,568830E+0	12,360088E+0	15,910664E+3
47,400000E+0	12,000000E+0	0,000000E+0	63,445782E+0	11,604159E+0	15,928523E+3
47,500000E+0	12,000000E+0	0,000000E+0	61,074411E+0	12,549070E+0	15,946341E+3
47,600000E+0	12,000000E+0	0,000000E+0	61,104298E+0	12,443798E+0	15,964172E+3
47,700000E+0	12,000000E+0	0,000000E+0	64,492580E+0	11,114581E+0	15,981989E+3
47,800000E+0	12,000000E+0	0,000000E+0	61,185745E+0	12,489459E+0	15,999778E+3
47,900000E+0	12,000000E+0	0,000000E+0	64,247608E+0	11,273123E+0	16,017595E+3
48,000000E+0	12,000000E+0	0,000000E+0	61,988683E+0	12,233254E+0	16,035384E+3
48,100000E+0	12,000000E+0	0,000000E+0	63,276294E+0	11,717041E+0	16,053272E+3
48,200000E+0	12,000000E+0	0,000000E+0	60,982871E+0	12,613756E+0	16,071300E+3
48,300000E+0	12,000000E+0	0,000000E+0	61,133645E+0	12,452677E+0	16,089019E+3
48,400000E+0	12,000000E+0	0,000000E+0	64,432068E+0	11,155168E+0	16,106794E+3
48,500000E+0	12,000000E+0	0,000000E+0	60,849182E+0	12,625171E+0	16,124442E+3
48,600000E+0	12,000000E+0	0,000000E+0	62,908369E+0	11,756359E+0	16,142330E+3
48,700000E+0	12,000000E+0	0,000000E+0	61,896514E+0	12,172374E+0	16,160105E+3
48,800000E+0	12,000000E+0	0,000000E+0	62,255519E+0	12,010027E+0	16,177894E+3
48,900000E+0	12,000000E+0	0,000000E+0	61,966211E+0	12,115299E+0	16,195683E+3
49,000000E+0	12,000000E+0	0,000000E+0	60,239075E+0	12,734248E+0	16,213542E+3
49,100000E+0	12,000000E+0	0,000000E+0	66,140227E+0	10,425874E+0	16,231261E+3
49,200000E+0	12,000000E+0	0,000000E+0	60,512172E+0	12,777371E+0	16,249036E+3
49,300000E+0	12,000000E+0	0,000000E+0	62,514456E+0	11,903487E+0	16,267008E+3
49,400000E+0	12,000000E+0	0,000000E+0	62,459781E+0	11,940268E+0	16,284712E+3
49,500000E+0	12,000000E+0	0,000000E+0	61,708980E+0	12,228181E+0	16,302488E+3
49,600000E+0	12,000000E+0	0,000000E+0	62,539381E+0	11,881925E+0	16,320277E+3
49,700000E+0	12,000000E+0	0,000000E+0	61,249771E+0	12,379113E+0	16,338009E+3
49,800000E+0	12,000000E+0	0,000000E+0	64,009586E+0	11,293416E+0	16,355869E+3
49,900000E+0	0,000000E+0	0,000000E+0	55,350145E+0	12,557949E+0	16,373658E+3
50,000000E+0	0,000000E+0	0,000000E+0	50,253759E+0	12,287793E+0	16,391419E+3
50,100000E+0	0,000000E+0	0,000000E+0	49,586852E+0	10,425874E+0	16,408786E+3
50,200000E+0	0,000000E+0	0,000000E+0	43,322540E+0	10,953502E+0	16,425802E+3
50,300000E+0	0,000000E+0	0,000000E+0	40,441907E+0	10,139230E+0	16,442311E+3
50,400000E+0	0,000000E+0	0,000000E+0	33,418907E+0	10,996625E+0	16,458202E+3
50,500000E+0	0,000000E+0	0,000000E+0	31,379089E+0	9,864001E+0	16,473417E+3
50,600000E+0	0,000000E+0	0,000000E+0	27,837927E+0	9,480963E+0	16,487775E+3
50,700000E+0	0,000000E+0	0,000000E+0	24,203556E+0	9,198124E+0	16,501317E+3
50,800000E+0	0,000000E+0	0,000000E+0	23,032537E+0	8,052817E+0	16,514002E+3
50,900000E+0	0,000000E+0	0,000000E+0	19,453791E+0	7,994474E+0	16,525856E+3
51,000000E+0	0,000000E+0	0,000000E+0	16,807525E+0	7,601290E+0	16,536937E+3
51,100000E+0	0,000000E+0	0,000000E+0	14,961020E+0	6,979805E+0	16,547217E+3
51,200000E+0	0,000000E+0	0,000000E+0	13,348010E+0	6,378614E+0	16,556653E+3
51,300000E+0	0,000000E+0	0,000000E+0	12,123700E+0	5,736837E+0	16,565316E+3
51,400000E+0	0,000000E+0	0,000000E+0	10,442667E+0	5,374093E+0	16,573303E+3
51,500000E+0	0,000000E+0	0,000000E+0	9,272904E+0	4,884516E+0	16,580489E+3
51,600000E+0	0,000000E+0	0,000000E+0	8,954489E+0	4,164102E+0	16,587141E+3
51,700000E+0	0,000000E+0	0,000000E+0	7,763134E+0	3,890141E+0	16,593005E+3
51,800000E+0	0,000000E+0	0,000000E+0	7,888961E+0	3,176069E+0	16,598348E+3
51,900000E+0	0,000000E+0	0,000000E+0	7,077173E+0	2,931280E+0	16,603144E+3
52,000000E+0	0,000000E+0	0,000000E+0	6,152615E+0	2,770202E+0	16,607377E+3
52,100000E+0	0,000000E+0	0,000000E+0	5,844671E+0	2,408726E+0	16,611131E+3
52,200000E+0	0,000000E+0	0,000000E+0	5,419797E+0	2,152523E+0	16,614478E+3
52,300000E+0	0,000000E+0	0,000000E+0	5,374449E+0	1,799926E+0	16,617417E+3
52,400000E+0	0,000000E+0	0,000000E+0	5,763642E+0	1,347130E+0	16,619934E+3
52,500000E+0	0,000000E+0	0,000000E+0	5,183158E+0	1,330642E+0	16,622002E+3
52,600000E+0	0,000000E+0	0,000000E+0	4,929276E+0	1,196198E+0	16,623788E+3
52,700000E+0	0,000000E+0	0,000000E+0	5,087592E+0	932,384643E-3	16,625348E+3
52,800000E+0	0,000000E+0	0,000000E+0	4,949909E+0	823,307839E-3	16,626628E+3
52,900000E+0	0,000000E+0	0,000000E+0	4,945148E+0	683,790995E-3	16,627711E+3
53,000000E+0	0,000000E+0	0,000000E+0	4,991404E+0	549,347488E-3	16,628597E+3
53,100000E+0	0,000000E+0	0,000000E+0	5,161774E+0	392,073947E-3	16,629272E+3
53,200000E+0	0,000000E+0	0,000000E+0	5,216493E+0	304,558830E-3	16,629806E+3
53,300000E+0	0,000000E+0	0,000000E+0	5,277523E+0	229,727062E-3	16,630214E+3
53,400000E+0	0,000000E+0	0,000000E+0	5,356127E+0	161,236969E-3	16,630509E+3
53,500000E+0	0,000000E+0	0,000000E+0	5,473369E+0	90,210205E-3	16,630692E+3
53,600000E+0	0,000000E+0	0,000000E+0	5,479526E+0	72,453514E-3	16,630805E+3
53,700000E+0	0,000000E+0	0,000000E+0	5,507640E+0	49,623482E-3	16,630875E+3
53,800000E+0	0,000000E+0	0,000000E+0	5,666382E+0	-17,598279E-3	16,630903E+3
53,900000E+0	0,000000E+0	0,000000E+0	5,647111E+0	-7,451598E-3	16,630903E+3
54,000000E+0	0,000000E+0	0,000000E+0	5,585407E+0	16,646769E-3	16,630903E+3
54,100000E+0	0,000000E+0	0,000000E+0	5,642844E+0	-7,451598E-3	16,630903E+3
54,200000E+0	0,000000E+0	0,000000E+0	5,639443E+0	-4,914927E-3	16,630903E+3
54,300000E+0	0,000000E+0	0,000000E+0	5,525118E+0	38,208466E-3	16,630903E+3
54,400000E+0	0,000000E+0	0,000000E+0	5,603417E+0	2,695083E-3	16,630903E+3
54,500000E+0	0,000000E+0	0,000000E+0	5,619314E+0	-3,646592E-3	16,630903E+3
54,600000E+0	0,000000E+0	0,000000E+0	5,566133E+0	16,646769E-3	16,630903E+3
54,700000E+0	0,000000E+0	0,000000E+0	5,623571E+0	-7,451598E-3	16,630903E+3
54,800000E+0	0,000000E+0	0,000000E+0	5,623599E+0	-6,183263E-3	16,630903E+3
54,900000E+0	0,000000E+0	0,000000E+0	5,626468E+0	-6,183263E-3	16,630903E+3
55,000000E+0	0,000000E+0	0,000000E+0	5,636196E+0	-8,719933E-3	16,630903E+3
55,100000E+0	0,000000E+0	0,000000E+0	5,578510E+0	14,110099E-3	16,630903E+3
55,200000E+0	0,000000E+0	0,000000E+0	5,623407E+0	-4,914927E-3	16,630903E+3
55,300000E+0	0,000000E+0	0,000000E+0	5,632546E+0	-7,451598E-3	16,630903E+3
55,400000E+0	0,000000E+0	0,000000E+0	5,601708E+0	5,231753E-3	16,630903E+3
55,500000E+0	0,000000E+0	0,000000E+0	5,630147E+0	-6,183263E-3	16,630903E+3
55,600000E+0	0,000000E+0	0,000000E+0	5,630147E+0	-8,719933E-3	16,630903E+3
55,700000E+0	0,000000E+0	0,000000E+0	5,639875E+0	14,110099E-3	16,630903E+3
55,800000E+0	0,000000E+0	0,000000E+0	5,623656E+0	-3,646592E-3	16,630903E+3
55,900000E+0	0,000000E+0	0,000000E+0	5,632207E+0	-6,183263E-3	16,630903E+3
56,000000E+0	0,000000E+0	0,000000E+0	5,617928E+0	158,412962E-6	16,630903E+3
56,100000E+0	0,000000E+0	0,000000E+0	5,635002E+0	-6,183263E-3	16,630903E+3
56,200000E+0	0,000000E+0	0,000000E+0	5,582998E+0	14,110099E-3	16,630903E+3
56,300000E+0	0,000000E+0	0,000000E+0	5,593599E+0	7,768424E-3	16,630903E+3
56,400000E+0	0,000000E+0	0,000000E+0	5,617431E+0	-2,378257E-3	16,630903E+3
56,500000E+0	0,000000E+0	0,000000E+0	5,580809E+0	11,573429E-3	16,630903E+3
56,600000E+0	0,000000E+0	0,000000E+0	5,568580E+0	14,110099E-3	16,630903E+3
56,700000E+0	0,000000E+0	0,000000E+0	5,620336E+0	-7,451598E-3	16,630903E+3
56,800000E+0	0,000000E+0	0,000000E+0	5,592927E+0	3,963418E-3	16,630903E+3
56,900000E+0	0,000000E+0	0,000000E+0	5,615095E+0	-4,914927E-3	16,630903E+3
57,000000E+0	0,000000E+0	0,000000E+0	5,627664E+0	-8,719933E-3	16,630903E+3
57,100000E+0	0,000000E+0	0,000000E+0	5,580267E+0	10,305094E-3	16,630903E+3
57,200000E+0	0,000000E+0	0,000000E+0	5,602922E+0	158,412962E-6	16,630903E+3
57,300000E+0	0,000000E+0	0,000000E+0	5,602848E+0	158,412962E-6	16,630903E+3
57,400000E+0	0,000000E+0	0,000000E+0	5,613063E+0	-3,646592E-3	16,630903E+3
57,500000E+0	0,000000E+0	0,000000E+0	5,601037E+0	1,426748E-3	16,630903E+3
57,600000E+0	0,000000E+0	0,000000E+0	5,620952E+0	-6,183263E-3	16,630903E+3
57,700000E+0	0,000000E+0	0,000000E+0	5,599814E+0	2,695083E-3	16,630903E+3
57,800000E+0	0,000000E+0	0,000000E+0	5,622571E+0	-6,183263E-3	16,630903E+3
57,900000E+0	0,000000E+0	0,000000E+0	5,570567E+0	14,110099E-3	16,630903E+3
58,000000E+0	0,000000E+0	0,000000E+0	5,618893E+0	-6,183263E-3	16,630903E+3
58,100000E+0	0,000000E+0	0,000000E+0	5,614903E+0	-3,646592E-3	16,630903E+3
58,200000E+0	0,000000E+0	0,000000E+0	5,626884E+0	-7,451598E-3	16,630903E+3
58,300000E+0	0,000000E+0	0,000000E+0	5,575468E+0	12,841764E-3	16,630903E+3
58,400000E+0	0,000000E+0	0,000000E+0	5,596946E+0	2,695083E-3	16,630903E+3
58,500000E+0	0,000000E+0	0,000000E+0	5,619702E+0	-6,183263E-3	16,630903E+3
58,600000E+0	0,000000E+0	0,000000E+0	5,626001E+0	-7,451598E-3	16,630903E+3
58,700000E+0	0,000000E+0	0,000000E+0	5,598592E+0	3,963418E-3	16,630903E+3
58,800000E+0	0,000000E+0	0,000000E+0	5,579605E+0	10,305094E-3	16,630903E+3
58,900000E+0	0,000000E+0	0,000000E+0	5,626268E+0	-8,719933E-3	16,630903E+3
59,000000E+0	0,000000E+0	0,000000E+0	5,623454E+0	-6,183263E-3	16,630903E+3
59,100000E+0	0,000000E+0	0,000000E+0	5,626324E+0	-6,183263E-3	16,630903E+3
