t [s] || setpoint speed [rot. s^-1] || setpoint pos [°] || duty cycle [%] || Ang Speed [rot. s^-1] ||
Ang Pos [°]
0,000000E+0	0,000000E+0	0,000000E+0	100,000000E-3	-7,451598E-3	281,714063E+0
100,000000E-3	0,000000E+0	0,000000E+0	100,000000E-3	-8,719933E-3	281,714063E+0
200,000000E-3	0,000000E+0	0,000000E+0	100,000000E-3	-3,646592E-3	281,714063E+0
300,000000E-3	0,000000E+0	0,000000E+0	100,000000E-3	-3,646592E-3	281,714063E+0
400,000000E-3	0,000000E+0	0,000000E+0	100,000000E-3	-1,109922E-3	281,714063E+0
500,000000E-3	0,000000E+0	0,000000E+0	100,000000E-3	-4,914927E-3	281,714063E+0
600,000000E-3	0,000000E+0	0,000000E+0	100,000000E-3	7,768424E-3	281,714063E+0
700,000000E-3	0,000000E+0	0,000000E+0	100,000000E-3	-2,378257E-3	281,714063E+0
800,000000E-3	0,000000E+0	0,000000E+0	100,000000E-3	-2,378257E-3	281,714063E+0
900,000000E-3	0,000000E+0	0,000000E+0	25,000000E+0	35,671796E-3	281,714063E+0
1,000000E+0	0,000000E+0	0,000000E+0	25,000000E+0	451,685693E-3	282,065625E+0
1,100000E+0	0,000000E+0	0,000000E+0	25,000000E+0	777,647782E-3	282,993750E+0
1,200000E+0	0,000000E+0	0,000000E+0	25,000000E+0	1,196198E+0	284,470313E+0
1,300000E+0	0,000000E+0	0,000000E+0	25,000000E+0	1,581772E+0	286,467188E+0
1,400000E+0	0,000000E+0	0,000000E+0	25,000000E+0	1,829097E+0	288,956250E+0
1,500000E+0	0,000000E+0	0,000000E+0	25,000000E+0	2,158864E+0	291,867187E+0
1,600000E+0	0,000000E+0	0,000000E+0	25,000000E+0	2,283161E+0	295,115625E+0
1,700000E+0	0,000000E+0	0,000000E+0	25,000000E+0	2,413800E+0	298,575000E+0
1,800000E+0	0,000000E+0	0,000000E+0	25,000000E+0	2,527950E+0	302,287500E+0
1,900000E+0	0,000000E+0	0,000000E+0	25,000000E+0	2,903377E+0	306,309375E+0
2,000000E+0	0,000000E+0	0,000000E+0	25,000000E+0	2,959184E+0	310,556250E+0
2,100000E+0	0,000000E+0	0,000000E+0	25,000000E+0	2,960452E+0	314,901563E+0
2,200000E+0	0,000000E+0	0,000000E+0	25,000000E+0	2,940159E+0	319,443750E+0
2,300000E+0	0,000000E+0	0,000000E+0	25,000000E+0	3,060650E+0	324,182813E+0
2,400000E+0	0,000000E+0	0,000000E+0	25,000000E+0	3,110115E+0	328,950000E+0
2,500000E+0	0,000000E+0	0,000000E+0	25,000000E+0	3,169727E+0	333,857813E+0
2,600000E+0	0,000000E+0	0,000000E+0	25,000000E+0	3,328269E+0	338,948438E+0
2,700000E+0	0,000000E+0	0,000000E+0	25,000000E+0	3,548959E+0	344,010938E+0
2,800000E+0	0,000000E+0	0,000000E+0	25,000000E+0	3,701159E+0	349,200000E+0
2,900000E+0	0,000000E+0	0,000000E+0	25,000000E+0	3,626328E+0	354,487500E+0
3,000000E+0	0,000000E+0	0,000000E+0	25,000000E+0	3,576863E+0	359,746875E+0
3,100000E+0	0,000000E+0	0,000000E+0	25,000000E+0	3,187484E+0	365,160937E+0
3,200000E+0	0,000000E+0	0,000000E+0	25,000000E+0	3,627596E+0	370,560938E+0
3,300000E+0	0,000000E+0	0,000000E+0	25,000000E+0	3,864775E+0	375,975000E+0
3,400000E+0	0,000000E+0	0,000000E+0	25,000000E+0	3,722721E+0	381,529688E+0
3,500000E+0	0,000000E+0	0,000000E+0	25,000000E+0	3,737941E+0	387,000000E+0
3,600000E+0	0,000000E+0	0,000000E+0	25,000000E+0	3,949753E+0	392,554687E+0
3,700000E+0	0,000000E+0	0,000000E+0	25,000000E+0	3,715111E+0	398,165625E+0
3,800000E+0	0,000000E+0	0,000000E+0	25,000000E+0	3,453834E+0	403,692187E+0
3,900000E+0	0,000000E+0	0,000000E+0	25,000000E+0	3,888873E+0	409,373438E+0
4,000000E+0	0,000000E+0	0,000000E+0	25,000000E+0	3,850823E+0	414,984375E+0
4,100000E+0	0,000000E+0	0,000000E+0	25,000000E+0	3,811505E+0	420,609375E+0
4,200000E+0	0,000000E+0	0,000000E+0	25,000000E+0	3,977656E+0	426,332812E+0
4,300000E+0	0,000000E+0	0,000000E+0	25,000000E+0	3,631401E+0	431,971875E+0
4,400000E+0	0,000000E+0	0,000000E+0	25,000000E+0	3,777260E+0	437,709375E+0
4,500000E+0	0,000000E+0	0,000000E+0	25,000000E+0	4,016975E+0	443,390625E+0
4,600000E+0	0,000000E+0	0,000000E+0	25,000000E+0	3,660573E+0	449,071875E+0
4,700000E+0	0,000000E+0	0,000000E+0	25,000000E+0	4,042342E+0	454,851562E+0
4,800000E+0	0,000000E+0	0,000000E+0	25,000000E+0	3,836871E+0	460,532813E+0
4,900000E+0	0,000000E+0	0,000000E+0	25,000000E+0	3,696086E+0	466,284375E+0
5,000000E+0	0,000000E+0	0,000000E+0	25,000000E+0	4,004291E+0	472,007812E+0
5,100000E+0	0,000000E+0	0,000000E+0	25,000000E+0	3,684671E+0	477,703125E+0
5,200000E+0	0,000000E+0	0,000000E+0	25,000000E+0	4,009365E+0	483,496875E+0
5,300000E+0	0,000000E+0	0,000000E+0	25,000000E+0	3,916776E+0	489,178125E+0
5,400000E+0	0,000000E+0	0,000000E+0	25,000000E+0	3,647889E+0	494,943750E+0
5,500000E+0	0,000000E+0	0,000000E+0	25,000000E+0	3,990340E+0	500,695312E+0
5,600000E+0	0,000000E+0	0,000000E+0	25,000000E+0	3,798821E+0	506,418750E+0
5,700000E+0	0,000000E+0	0,000000E+0	25,000000E+0	3,959900E+0	512,198438E+0
5,800000E+0	0,000000E+0	0,000000E+0	25,000000E+0	3,983998E+0	517,879688E+0
5,900000E+0	0,000000E+0	0,000000E+0	25,000000E+0	3,546423E+0	523,659375E+0
6,000000E+0	0,000000E+0	0,000000E+0	25,000000E+0	3,978925E+0	529,396875E+0
6,100000E+0	0,000000E+0	0,000000E+0	25,000000E+0	3,877458E+0	535,120313E+0
6,200000E+0	0,000000E+0	0,000000E+0	25,000000E+0	3,943411E+0	540,914062E+0
6,300000E+0	0,000000E+0	0,000000E+0	25,000000E+0	4,013170E+0	546,609375E+0
6,400000E+0	0,000000E+0	0,000000E+0	25,000000E+0	3,458908E+0	552,403125E+0
6,500000E+0	0,000000E+0	0,000000E+0	25,000000E+0	3,968778E+0	558,140625E+0
6,600000E+0	0,000000E+0	0,000000E+0	25,000000E+0	3,907898E+0	563,878125E+0
6,700000E+0	0,000000E+0	0,000000E+0	25,000000E+0	3,956095E+0	569,728125E+0
6,800000E+0	0,000000E+0	0,000000E+0	25,000000E+0	4,039805E+0	575,381250E+0
6,900000E+0	0,000000E+0	0,000000E+0	25,000000E+0	3,432273E+0	581,175000E+0
7,000000E+0	0,000000E+0	0,000000E+0	25,000000E+0	3,961168E+0	586,926563E+0
7,100000E+0	0,000000E+0	0,000000E+0	25,000000E+0	3,916776E+0	592,635938E+0
7,200000E+0	0,000000E+0	0,000000E+0	25,000000E+0	3,947216E+0	598,443750E+0
7,300000E+0	0,000000E+0	0,000000E+0	25,000000E+0	4,042342E+0	604,139063E+0
7,400000E+0	0,000000E+0	0,000000E+0	25,000000E+0	3,455103E+0	609,932813E+0
7,500000E+0	0,000000E+0	0,000000E+0	25,000000E+0	3,938338E+0	615,670313E+0
7,600000E+0	0,000000E+0	0,000000E+0	25,000000E+0	3,942143E+0	621,393750E+0
7,700000E+0	0,000000E+0	0,000000E+0	25,000000E+0	3,919313E+0	627,201563E+0
7,800000E+0	0,000000E+0	0,000000E+0	25,000000E+0	4,039805E+0	632,882812E+0
7,900000E+0	0,000000E+0	0,000000E+0	25,000000E+0	3,406906E+0	638,662500E+0
8,000000E+0	0,000000E+0	0,000000E+0	25,000000E+0	3,933265E+0	644,400000E+0
8,100000E+0	0,000000E+0	0,000000E+0	25,000000E+0	3,938338E+0	650,123438E+0
8,200000E+0	0,000000E+0	0,000000E+0	25,000000E+0	3,859701E+0	655,917188E+0
8,300000E+0	0,000000E+0	0,000000E+0	25,000000E+0	4,051220E+0	661,584375E+0
8,400000E+0	0,000000E+0	0,000000E+0	25,000000E+0	3,533739E+0	667,350000E+0
8,500000E+0	0,000000E+0	0,000000E+0	25,000000E+0	3,904093E+0	673,101562E+0
8,600000E+0	0,000000E+0	0,000000E+0	25,000000E+0	4,034732E+0	678,796875E+0
8,700000E+0	0,000000E+0	0,000000E+0	25,000000E+0	3,820383E+0	684,604688E+0
8,800000E+0	0,000000E+0	0,000000E+0	25,000000E+0	4,088002E+0	690,285938E+0
8,900000E+0	0,000000E+0	0,000000E+0	25,000000E+0	3,631401E+0	696,051563E+0
9,000000E+0	0,000000E+0	0,000000E+0	25,000000E+0	3,816578E+0	701,803125E+0
9,100000E+0	0,000000E+0	0,000000E+0	25,000000E+0	4,001755E+0	707,498438E+0
9,200000E+0	0,000000E+0	0,000000E+0	25,000000E+0	3,764576E+0	713,306250E+0
9,300000E+0	0,000000E+0	0,000000E+0	25,000000E+0	4,095612E+0	719,001562E+0
9,400000E+0	0,000000E+0	0,000000E+0	25,000000E+0	3,675793E+0	724,767187E+0
9,500000E+0	0,000000E+0	0,000000E+0	25,000000E+0	3,779796E+0	730,518750E+0
9,600000E+0	0,000000E+0	0,000000E+0	25,000000E+0	4,081660E+0	736,200000E+0
9,700000E+0	0,000000E+0	0,000000E+0	25,000000E+0	3,685939E+0	742,007812E+0
9,800000E+0	0,000000E+0	0,000000E+0	25,000000E+0	4,093075E+0	747,689062E+0
9,900000E+0	0,000000E+0	0,000000E+0	25,000000E+0	3,755698E+0	753,440625E+0
10,000000E+0	0,000000E+0	0,000000E+0	25,000000E+0	3,727795E+0	759,192188E+0
10,100000E+0	0,000000E+0	0,000000E+0	25,000000E+0	4,013170E+0	764,873438E+0
10,200000E+0	0,000000E+0	0,000000E+0	25,000000E+0	3,595888E+0	770,681250E+0
10,300000E+0	0,000000E+0	0,000000E+0	25,000000E+0	4,107027E+0	776,334375E+0
10,400000E+0	0,000000E+0	0,000000E+0	25,000000E+0	3,873653E+0	782,085937E+0
10,500000E+0	0,000000E+0	0,000000E+0	25,000000E+0	3,604766E+0	787,837500E+0
10,600000E+0	0,000000E+0	0,000000E+0	25,000000E+0	3,968778E+0	793,518750E+0
10,700000E+0	0,000000E+0	0,000000E+0	75,000000E+0	3,767113E+0	799,298437E+0
10,800000E+0	0,000000E+0	0,000000E+0	75,000000E+0	5,228235E+0	805,654688E+0
10,900000E+0	0,000000E+0	0,000000E+0	75,000000E+0	6,051384E+0	814,092188E+0
11,000000E+0	0,000000E+0	0,000000E+0	75,000000E+0	7,679926E+0	824,231250E+0
11,100000E+0	0,000000E+0	0,000000E+0	75,000000E+0	8,139064E+0	835,987500E+0
11,200000E+0	0,000000E+0	0,000000E+0	75,000000E+0	9,505062E+0	849,150000E+0
11,300000E+0	0,000000E+0	0,000000E+0	75,000000E+0	10,295235E+0	863,564062E+0
11,400000E+0	0,000000E+0	0,000000E+0	75,000000E+0	9,927418E+0	879,004688E+0
11,500000E+0	0,000000E+0	0,000000E+0	75,000000E+0	10,730275E+0	895,443750E+0
11,600000E+0	0,000000E+0	0,000000E+0	75,000000E+0	11,027066E+0	912,571875E+0
11,700000E+0	0,000000E+0	0,000000E+0	75,000000E+0	12,757078E+0	930,614063E+0
11,800000E+0	0,000000E+0	0,000000E+0	75,000000E+0	13,502861E+0	949,275000E+0
11,900000E+0	0,000000E+0	0,000000E+0	75,000000E+0	13,833897E+0	968,639063E+0
12,000000E+0	0,000000E+0	0,000000E+0	75,000000E+0	13,688038E+0	988,410938E+0
12,100000E+0	0,000000E+0	0,000000E+0	75,000000E+0	12,826837E+0	1,008619E+3
12,200000E+0	0,000000E+0	0,000000E+0	75,000000E+0	14,390698E+0	1,029319E+3
12,300000E+0	0,000000E+0	0,000000E+0	75,000000E+0	15,207509E+0	1,050342E+3
12,400000E+0	0,000000E+0	0,000000E+0	75,000000E+0	14,795298E+0	1,071689E+3
12,500000E+0	0,000000E+0	0,000000E+0	75,000000E+0	15,343221E+0	1,093331E+3
12,600000E+0	0,000000E+0	0,000000E+0	75,000000E+0	15,580401E+0	1,115297E+3
12,700000E+0	0,000000E+0	0,000000E+0	75,000000E+0	14,891692E+0	1,137375E+3
12,800000E+0	0,000000E+0	0,000000E+0	75,000000E+0	14,674806E+0	1,159734E+3
12,900000E+0	0,000000E+0	0,000000E+0	75,000000E+0	15,560108E+0	1,182192E+3
13,000000E+0	0,000000E+0	0,000000E+0	75,000000E+0	14,617731E+0	1,204917E+3
13,100000E+0	0,000000E+0	0,000000E+0	75,000000E+0	16,222181E+0	1,227698E+3
13,200000E+0	0,000000E+0	0,000000E+0	75,000000E+0	14,645634E+0	1,250663E+3
13,300000E+0	0,000000E+0	0,000000E+0	75,000000E+0	16,258963E+0	1,273767E+3
13,400000E+0	0,000000E+0	0,000000E+0	75,000000E+0	15,152970E+0	1,296900E+3
13,500000E+0	0,000000E+0	0,000000E+0	75,000000E+0	14,638024E+0	1,320173E+3
13,600000E+0	0,000000E+0	0,000000E+0	75,000000E+0	16,314770E+0	1,343503E+3
13,700000E+0	0,000000E+0	0,000000E+0	75,000000E+0	16,701614E+0	1,366945E+3
13,800000E+0	0,000000E+0	0,000000E+0	75,000000E+0	16,048419E+0	1,390444E+3
13,900000E+0	0,000000E+0	0,000000E+0	75,000000E+0	15,021063E+0	1,413984E+3
14,000000E+0	0,000000E+0	0,000000E+0	75,000000E+0	15,910169E+0	1,437609E+3
14,100000E+0	0,000000E+0	0,000000E+0	75,000000E+0	16,417506E+0	1,461277E+3
14,200000E+0	0,000000E+0	0,000000E+0	75,000000E+0	16,559560E+0	1,484944E+3
14,300000E+0	0,000000E+0	0,000000E+0	75,000000E+0	16,691468E+0	1,508780E+3
14,400000E+0	0,000000E+0	0,000000E+0	75,000000E+0	16,681321E+0	1,532531E+3
14,500000E+0	0,000000E+0	0,000000E+0	75,000000E+0	16,144813E+0	1,556353E+3
14,600000E+0	0,000000E+0	0,000000E+0	75,000000E+0	15,768115E+0	1,580231E+3
14,700000E+0	0,000000E+0	0,000000E+0	75,000000E+0	15,571523E+0	1,604152E+3
14,800000E+0	0,000000E+0	0,000000E+0	75,000000E+0	15,797287E+0	1,628198E+3
14,900000E+0	0,000000E+0	0,000000E+0	75,000000E+0	15,420590E+0	1,652034E+3
15,000000E+0	0,000000E+0	0,000000E+0	75,000000E+0	15,344490E+0	1,675941E+3
15,100000E+0	0,000000E+0	0,000000E+0	75,000000E+0	15,121262E+0	1,699917E+3
15,200000E+0	0,000000E+0	0,000000E+0	75,000000E+0	15,193557E+0	1,723950E+3
15,300000E+0	0,000000E+0	0,000000E+0	75,000000E+0	15,347026E+0	1,747927E+3
15,400000E+0	0,000000E+0	0,000000E+0	75,000000E+0	15,078138E+0	1,771889E+3
15,500000E+0	0,000000E+0	0,000000E+0	75,000000E+0	15,588011E+0	1,796119E+3
15,600000E+0	0,000000E+0	0,000000E+0	75,000000E+0	15,508106E+0	1,820025E+3
15,700000E+0	0,000000E+0	0,000000E+0	75,000000E+0	15,373661E+0	1,843987E+3
15,800000E+0	0,000000E+0	0,000000E+0	75,000000E+0	15,609573E+0	1,868091E+3
15,900000E+0	0,000000E+0	0,000000E+0	75,000000E+0	15,707235E+0	1,892152E+3
16,000000E+0	0,000000E+0	0,000000E+0	75,000000E+0	15,846752E+0	1,916170E+3
16,100000E+0	0,000000E+0	0,000000E+0	75,000000E+0	15,916511E+0	1,940259E+3
16,200000E+0	0,000000E+0	0,000000E+0	75,000000E+0	16,345210E+0	1,964391E+3
16,300000E+0	0,000000E+0	0,000000E+0	75,000000E+0	16,446678E+0	1,988409E+3
16,400000E+0	0,000000E+0	0,000000E+0	75,000000E+0	16,517705E+0	2,012555E+3
16,500000E+0	0,000000E+0	0,000000E+0	75,000000E+0	17,023773E+0	2,036672E+3
16,600000E+0	0,000000E+0	0,000000E+0	75,000000E+0	16,719371E+0	2,060747E+3
16,700000E+0	0,000000E+0	0,000000E+0	75,000000E+0	17,004748E+0	2,084906E+3
16,800000E+0	0,000000E+0	0,000000E+0	75,000000E+0	17,046603E+0	2,109023E+3
16,900000E+0	0,000000E+0	0,000000E+0	75,000000E+0	16,922306E+0	2,133113E+3
17,000000E+0	0,000000E+0	0,000000E+0	75,000000E+0	16,810692E+0	2,157272E+3
17,100000E+0	0,000000E+0	0,000000E+0	75,000000E+0	16,579854E+0	2,181431E+3
17,200000E+0	0,000000E+0	0,000000E+0	75,000000E+0	16,409896E+0	2,205577E+3
17,300000E+0	0,000000E+0	0,000000E+0	75,000000E+0	15,515716E+0	2,229905E+3
17,400000E+0	0,000000E+0	0,000000E+0	75,000000E+0	15,486544E+0	2,253909E+3
17,500000E+0	0,000000E+0	0,000000E+0	75,000000E+0	15,402833E+0	2,278041E+3
17,600000E+0	0,000000E+0	0,000000E+0	75,000000E+0	16,186668E+0	2,302256E+3
17,700000E+0	0,000000E+0	0,000000E+0	75,000000E+0	16,314770E+0	2,326416E+3
17,800000E+0	0,000000E+0	0,000000E+0	75,000000E+0	16,751080E+0	2,350561E+3
17,900000E+0	0,000000E+0	0,000000E+0	75,000000E+0	17,006016E+0	2,374734E+3
18,000000E+0	0,000000E+0	0,000000E+0	75,000000E+0	17,107484E+0	2,398964E+3
18,100000E+0	0,000000E+0	0,000000E+0	75,000000E+0	16,989528E+0	2,423095E+3
18,200000E+0	0,000000E+0	0,000000E+0	75,000000E+0	17,236855E+0	2,447325E+3
18,300000E+0	0,000000E+0	0,000000E+0	75,000000E+0	16,672442E+0	2,471513E+3
18,400000E+0	0,000000E+0	0,000000E+0	75,000000E+0	16,582390E+0	2,495672E+3
18,500000E+0	0,000000E+0	0,000000E+0	75,000000E+0	16,097884E+0	2,519845E+3
18,600000E+0	0,000000E+0	0,000000E+0	75,000000E+0	15,388882E+0	2,544103E+3
18,700000E+0	0,000000E+0	0,000000E+0	75,000000E+0	14,615194E+0	2,568291E+3
18,800000E+0	0,000000E+0	0,000000E+0	75,000000E+0	15,189752E+0	2,592717E+3
18,900000E+0	0,000000E+0	0,000000E+0	75,000000E+0	15,376198E+0	2,616764E+3
19,000000E+0	0,000000E+0	0,000000E+0	75,000000E+0	15,982465E+0	2,641008E+3
19,100000E+0	0,000000E+0	0,000000E+0	75,000000E+0	16,365504E+0	2,665125E+3
19,200000E+0	0,000000E+0	0,000000E+0	75,000000E+0	16,521510E+0	2,689341E+3
19,300000E+0	0,000000E+0	0,000000E+0	75,000000E+0	17,184852E+0	2,713570E+3
19,400000E+0	0,000000E+0	0,000000E+0	75,000000E+0	16,943868E+0	2,737758E+3
19,500000E+0	0,000000E+0	0,000000E+0	75,000000E+0	16,936257E+0	2,762016E+3
19,600000E+0	0,000000E+0	0,000000E+0	75,000000E+0	16,654686E+0	2,786231E+3
19,700000E+0	0,000000E+0	0,000000E+0	75,000000E+0	15,099700E+0	2,810644E+3
19,800000E+0	0,000000E+0	0,000000E+0	75,000000E+0	15,549961E+0	2,834719E+3
19,900000E+0	0,000000E+0	0,000000E+0	75,000000E+0	15,662843E+0	2,858991E+3
20,000000E+0	0,000000E+0	0,000000E+0	75,000000E+0	16,639466E+0	2,883192E+3
20,100000E+0	0,000000E+0	0,000000E+0	75,000000E+0	17,035188E+0	2,907492E+3
20,200000E+0	0,000000E+0	0,000000E+0	75,000000E+0	17,132850E+0	2,931736E+3
20,300000E+0	0,000000E+0	0,000000E+0	75,000000E+0	16,962893E+0	2,956134E+3
20,400000E+0	0,000000E+0	0,000000E+0	75,000000E+0	17,179779E+0	2,980209E+3
20,500000E+0	0,000000E+0	0,000000E+0	75,000000E+0	16,611562E+0	3,004481E+3
20,600000E+0	0,000000E+0	0,000000E+0	75,000000E+0	15,897486E+0	3,028711E+3
20,700000E+0	0,000000E+0	0,000000E+0	75,000000E+0	15,377467E+0	3,052927E+3
20,800000E+0	0,000000E+0	0,000000E+0	75,000000E+0	14,514995E+0	3,077198E+3
20,900000E+0	0,000000E+0	0,000000E+0	75,000000E+0	15,265853E+0	3,101442E+3
21,000000E+0	0,000000E+0	0,000000E+0	75,000000E+0	15,648891E+0	3,125644E+3
21,100000E+0	0,000000E+0	0,000000E+0	75,000000E+0	16,176521E+0	3,149930E+3
21,200000E+0	0,000000E+0	0,000000E+0	75,000000E+0	16,907086E+0	3,174173E+3
21,300000E+0	0,000000E+0	0,000000E+0	75,000000E+0	16,861425E+0	3,198558E+3
21,400000E+0	0,000000E+0	0,000000E+0	75,000000E+0	17,047872E+0	3,222619E+3
21,500000E+0	0,000000E+0	0,000000E+0	75,000000E+0	16,776446E+0	3,246877E+3
21,600000E+0	0,000000E+0	0,000000E+0	75,000000E+0	16,568438E+0	3,271092E+3
21,700000E+0	0,000000E+0	0,000000E+0	75,000000E+0	15,903828E+0	3,295378E+3
21,800000E+0	0,000000E+0	0,000000E+0	75,000000E+0	15,429468E+0	3,319608E+3
21,900000E+0	0,000000E+0	0,000000E+0	75,000000E+0	16,139739E+0	3,343823E+3
22,000000E+0	0,000000E+0	0,000000E+0	75,000000E+0	16,695273E+0	3,368081E+3
22,100000E+0	0,000000E+0	0,000000E+0	75,000000E+0	16,947673E+0	3,392353E+3
22,200000E+0	0,000000E+0	0,000000E+0	75,000000E+0	17,013626E+0	3,416555E+3
22,300000E+0	0,000000E+0	0,000000E+0	75,000000E+0	17,288857E+0	3,440827E+3
22,400000E+0	0,000000E+0	0,000000E+0	75,000000E+0	16,711761E+0	3,465098E+3
22,500000E+0	0,000000E+0	0,000000E+0	75,000000E+0	16,409896E+0	3,489356E+3
22,600000E+0	0,000000E+0	0,000000E+0	75,000000E+0	15,832801E+0	3,513558E+3
22,700000E+0	0,000000E+0	0,000000E+0	75,000000E+0	14,372941E+0	3,537872E+3
22,800000E+0	0,000000E+0	0,000000E+0	75,000000E+0	14,933548E+0	3,562116E+3
22,900000E+0	0,000000E+0	0,000000E+0	75,000000E+0	15,399028E+0	3,586331E+3
23,000000E+0	0,000000E+0	0,000000E+0	75,000000E+0	16,072517E+0	3,610673E+3
23,100000E+0	0,000000E+0	0,000000E+0	75,000000E+0	16,791667E+0	3,634917E+3
23,200000E+0	0,000000E+0	0,000000E+0	75,000000E+0	16,818302E+0	3,659161E+3
23,300000E+0	0,000000E+0	0,000000E+0	75,000000E+0	17,090995E+0	3,683461E+3
23,400000E+0	0,000000E+0	0,000000E+0	75,000000E+0	16,744738E+0	3,707719E+3
23,500000E+0	0,000000E+0	0,000000E+0	75,000000E+0	16,454288E+0	3,731963E+3
23,600000E+0	0,000000E+0	0,000000E+0	75,000000E+0	15,490349E+0	3,756263E+3
23,700000E+0	0,000000E+0	0,000000E+0	75,000000E+0	15,633671E+0	3,780562E+3
23,800000E+0	0,000000E+0	0,000000E+0	75,000000E+0	16,668637E+0	3,804792E+3
23,900000E+0	0,000000E+0	0,000000E+0	75,000000E+0	17,011090E+0	3,829036E+3
24,000000E+0	0,000000E+0	0,000000E+0	75,000000E+0	17,164559E+0	3,853322E+3
24,100000E+0	0,000000E+0	0,000000E+0	75,000000E+0	16,973039E+0	3,877748E+3
24,200000E+0	0,000000E+0	0,000000E+0	75,000000E+0	17,170901E+0	3,901823E+3
24,300000E+0	0,000000E+0	0,000000E+0	75,000000E+0	16,511363E+0	3,926138E+3
24,400000E+0	0,000000E+0	0,000000E+0	75,000000E+0	15,750359E+0	3,950367E+3
24,500000E+0	0,000000E+0	0,000000E+0	75,000000E+0	15,057845E+0	3,974625E+3
24,600000E+0	0,000000E+0	0,000000E+0	75,000000E+0	14,777542E+0	3,998897E+3
24,700000E+0	0,000000E+0	0,000000E+0	75,000000E+0	15,490349E+0	4,023141E+3
24,800000E+0	0,000000E+0	0,000000E+0	75,000000E+0	15,910169E+0	4,047356E+3
24,900000E+0	0,000000E+0	0,000000E+0	75,000000E+0	16,380724E+0	4,071656E+3
25,000000E+0	0,000000E+0	0,000000E+0	75,000000E+0	17,164559E+0	4,095914E+3
25,100000E+0	0,000000E+0	0,000000E+0	75,000000E+0	16,960356E+0	4,120186E+3
25,200000E+0	0,000000E+0	0,000000E+0	75,000000E+0	16,893134E+0	4,144458E+3
25,300000E+0	0,000000E+0	0,000000E+0	75,000000E+0	16,644539E+0	4,168730E+3
25,400000E+0	0,000000E+0	0,000000E+0	75,000000E+0	15,740212E+0	4,192945E+3
25,500000E+0	0,000000E+0	0,000000E+0	75,000000E+0	15,960903E+0	4,217302E+3
25,600000E+0	0,000000E+0	0,000000E+0	75,000000E+0	16,241206E+0	4,241588E+3
25,700000E+0	0,000000E+0	0,000000E+0	75,000000E+0	16,915964E+0	4,265817E+3
25,800000E+0	0,000000E+0	0,000000E+0	75,000000E+0	17,181047E+0	4,290145E+3
25,900000E+0	0,000000E+0	0,000000E+0	75,000000E+0	17,021236E+0	4,314417E+3
26,000000E+0	0,000000E+0	0,000000E+0	75,000000E+0	16,934989E+0	4,338731E+3
26,100000E+0	0,000000E+0	0,000000E+0	75,000000E+0	16,228523E+0	4,362989E+3
26,200000E+0	0,000000E+0	0,000000E+0	75,000000E+0	15,377467E+0	4,387345E+3
26,300000E+0	0,000000E+0	0,000000E+0	75,000000E+0	14,802909E+0	4,411617E+3
26,400000E+0	0,000000E+0	0,000000E+0	75,000000E+0	15,307708E+0	4,435889E+3
26,500000E+0	0,000000E+0	0,000000E+0	75,000000E+0	16,073785E+0	4,460245E+3
26,600000E+0	0,000000E+0	0,000000E+0	75,000000E+0	16,832253E+0	4,484545E+3
26,700000E+0	0,000000E+0	0,000000E+0	75,000000E+0	16,820838E+0	4,508831E+3
26,800000E+0	0,000000E+0	0,000000E+0	75,000000E+0	17,022505E+0	4,533159E+3
26,900000E+0	0,000000E+0	0,000000E+0	75,000000E+0	16,687663E+0	4,557530E+3
27,000000E+0	0,000000E+0	0,000000E+0	75,000000E+0	15,210046E+0	4,581802E+3
27,100000E+0	0,000000E+0	0,000000E+0	75,000000E+0	16,076322E+0	4,606130E+3
27,200000E+0	0,000000E+0	0,000000E+0	75,000000E+0	16,545608E+0	4,630500E+3
27,300000E+0	0,000000E+0	0,000000E+0	75,000000E+0	16,995870E+0	4,654814E+3
27,400000E+0	0,000000E+0	0,000000E+0	75,000000E+0	17,344664E+0	4,679170E+3
27,500000E+0	0,000000E+0	0,000000E+0	75,000000E+0	16,772641E+0	4,703527E+3
27,600000E+0	0,000000E+0	0,000000E+0	75,000000E+0	16,119446E+0	4,727869E+3
27,700000E+0	0,000000E+0	0,000000E+0	75,000000E+0	15,216387E+0	4,752197E+3
27,800000E+0	0,000000E+0	0,000000E+0	75,000000E+0	15,114920E+0	4,776623E+3
27,900000E+0	0,000000E+0	0,000000E+0	75,000000E+0	16,052224E+0	4,800980E+3
28,000000E+0	0,000000E+0	0,000000E+0	75,000000E+0	16,735860E+0	4,825266E+3
28,100000E+0	0,000000E+0	0,000000E+0	75,000000E+0	17,186121E+0	4,849692E+3
28,200000E+0	0,000000E+0	0,000000E+0	75,000000E+0	16,860157E+0	4,874077E+3
28,300000E+0	0,000000E+0	0,000000E+0	75,000000E+0	16,376919E+0	4,898419E+3
28,400000E+0	0,000000E+0	0,000000E+0	75,000000E+0	15,714845E+0	4,922775E+3
28,500000E+0	0,000000E+0	0,000000E+0	75,000000E+0	16,298282E+0	4,947187E+3
28,600000E+0	0,000000E+0	0,000000E+0	75,000000E+0	17,006016E+0	4,971502E+3
28,700000E+0	0,000000E+0	0,000000E+0	75,000000E+0	17,358615E+0	4,995914E+3
28,800000E+0	0,000000E+0	0,000000E+0	75,000000E+0	16,782788E+0	5,020298E+3
28,900000E+0	0,000000E+0	0,000000E+0	75,000000E+0	16,151154E+0	5,044669E+3
29,000000E+0	0,000000E+0	0,000000E+0	75,000000E+0	15,027405E+0	5,069039E+3
29,100000E+0	0,000000E+0	0,000000E+0	75,000000E+0	14,522605E+0	5,093198E+3
29,200000E+0	0,000000E+0	0,000000E+0	75,000000E+0	15,558839E+0	5,117541E+3
29,300000E+0	0,000000E+0	0,000000E+0	75,000000E+0	16,340137E+0	5,141897E+3
29,400000E+0	0,000000E+0	0,000000E+0	75,000000E+0	16,917232E+0	5,166309E+3
29,500000E+0	0,000000E+0	0,000000E+0	75,000000E+0	17,181047E+0	5,190694E+3
29,600000E+0	0,000000E+0	0,000000E+0	75,000000E+0	16,825912E+0	5,215036E+3
29,700000E+0	0,000000E+0	0,000000E+0	75,000000E+0	15,596889E+0	5,239420E+3
29,800000E+0	0,000000E+0	0,000000E+0	75,000000E+0	15,931731E+0	5,263847E+3
29,900000E+0	0,000000E+0	0,000000E+0	75,000000E+0	16,961624E+0	5,288231E+3
30,000000E+0	0,000000E+0	0,000000E+0	75,000000E+0	17,273636E+0	5,312573E+3
30,100000E+0	0,000000E+0	0,000000E+0	75,000000E+0	16,843669E+0	5,337028E+3
30,200000E+0	0,000000E+0	0,000000E+0	75,000000E+0	16,447946E+0	5,361384E+3
30,300000E+0	0,000000E+0	0,000000E+0	75,000000E+0	15,197362E+0	5,385825E+3
30,400000E+0	0,000000E+0	0,000000E+0	75,000000E+0	15,178337E+0	5,410238E+3
30,500000E+0	0,000000E+0	0,000000E+0	75,000000E+0	16,286867E+0	5,434622E+3
30,600000E+0	0,000000E+0	0,000000E+0	75,000000E+0	16,973039E+0	5,459048E+3
30,700000E+0	0,000000E+0	0,000000E+0	75,000000E+0	17,132850E+0	5,483447E+3
30,800000E+0	0,000000E+0	0,000000E+0	75,000000E+0	16,714298E+0	5,507887E+3
30,900000E+0	0,000000E+0	0,000000E+0	75,000000E+0	15,409175E+0	5,532413E+3
31,000000E+0	0,000000E+0	0,000000E+0	75,000000E+0	16,404822E+0	5,556628E+3
31,100000E+0	0,000000E+0	0,000000E+0	75,000000E+0	16,894402E+0	5,581083E+3
31,200000E+0	0,000000E+0	0,000000E+0	75,000000E+0	17,101142E+0	5,605397E+3
31,300000E+0	0,000000E+0	0,000000E+0	75,000000E+0	17,391592E+0	5,629781E+3
31,400000E+0	0,000000E+0	0,000000E+0	75,000000E+0	16,404822E+0	5,654222E+3
31,500000E+0	0,000000E+0	0,000000E+0	75,000000E+0	15,230339E+0	5,678592E+3
31,600000E+0	0,000000E+0	0,000000E+0	75,000000E+0	14,961451E+0	5,702948E+3
31,700000E+0	0,000000E+0	0,000000E+0	75,000000E+0	15,954561E+0	5,727333E+3
31,800000E+0	0,000000E+0	0,000000E+0	75,000000E+0	16,803082E+0	5,751717E+3
31,900000E+0	0,000000E+0	0,000000E+0	75,000000E+0	16,872840E+0	5,776102E+3
32,000000E+0	0,000000E+0	0,000000E+0	75,000000E+0	16,947673E+0	5,800472E+3
32,100000E+0	0,000000E+0	0,000000E+0	75,000000E+0	16,550682E+0	5,824884E+3
32,200000E+0	0,000000E+0	0,000000E+0	75,000000E+0	15,864509E+0	5,849381E+3
32,300000E+0	0,000000E+0	0,000000E+0	75,000000E+0	16,704151E+0	5,873611E+3
32,400000E+0	0,000000E+0	0,000000E+0	75,000000E+0	17,170901E+0	5,898038E+3
32,500000E+0	0,000000E+0	0,000000E+0	75,000000E+0	17,137924E+0	5,922366E+3
32,600000E+0	0,000000E+0	0,000000E+0	75,000000E+0	17,063092E+0	5,946750E+3
32,700000E+0	0,000000E+0	0,000000E+0	75,000000E+0	15,906364E+0	5,971191E+3
32,800000E+0	0,000000E+0	0,000000E+0	75,000000E+0	14,776273E+0	5,995575E+3
32,900000E+0	0,000000E+0	0,000000E+0	75,000000E+0	15,495422E+0	6,019945E+3
33,000000E+0	0,000000E+0	0,000000E+0	25,000000E+0	16,610294E+0	6,044541E+3
33,100000E+0	0,000000E+0	0,000000E+0	25,000000E+0	14,504849E+0	6,067955E+3
33,200000E+0	0,000000E+0	0,000000E+0	25,000000E+0	14,423675E+0	6,089667E+3
33,300000E+0	0,000000E+0	0,000000E+0	25,000000E+0	13,523154E+0	6,109777E+3
33,400000E+0	0,000000E+0	0,000000E+0	25,000000E+0	12,589657E+0	6,128466E+3
33,500000E+0	0,000000E+0	0,000000E+0	25,000000E+0	11,696748E+0	6,145762E+3
33,600000E+0	0,000000E+0	0,000000E+0	25,000000E+0	11,081604E+0	6,161878E+3
33,700000E+0	0,000000E+0	0,000000E+0	25,000000E+0	10,295235E+0	6,176953E+3
33,800000E+0	0,000000E+0	0,000000E+0	25,000000E+0	9,677555E+0	6,191058E+3
33,900000E+0	0,000000E+0	0,000000E+0	25,000000E+0	8,170772E+0	6,204319E+3
34,000000E+0	0,000000E+0	0,000000E+0	25,000000E+0	7,849883E+0	6,216778E+3
34,100000E+0	0,000000E+0	0,000000E+0	25,000000E+0	7,426259E+0	6,228506E+3
34,200000E+0	0,000000E+0	0,000000E+0	25,000000E+0	7,395819E+0	6,239559E+3
34,300000E+0	0,000000E+0	0,000000E+0	25,000000E+0	6,221341E+0	6,250050E+3
34,400000E+0	0,000000E+0	0,000000E+0	25,000000E+0	6,382419E+0	6,260091E+3
34,500000E+0	0,000000E+0	0,000000E+0	25,000000E+0	6,140167E+0	6,269597E+3
34,600000E+0	0,000000E+0	0,000000E+0	25,000000E+0	5,225698E+0	6,278667E+3
34,700000E+0	0,000000E+0	0,000000E+0	25,000000E+0	5,766009E+0	6,287442E+3
34,800000E+0	0,000000E+0	0,000000E+0	25,000000E+0	5,514878E+0	6,295795E+3
34,900000E+0	0,000000E+0	0,000000E+0	25,000000E+0	5,559270E+0	6,303923E+3
35,000000E+0	0,000000E+0	0,000000E+0	25,000000E+0	5,164818E+0	6,311756E+3
35,100000E+0	0,000000E+0	0,000000E+0	25,000000E+0	4,869296E+0	6,319350E+3
35,200000E+0	0,000000E+0	0,000000E+0	25,000000E+0	4,477380E+0	6,326775E+3
35,300000E+0	0,000000E+0	0,000000E+0	25,000000E+0	4,642264E+0	6,333975E+3
35,400000E+0	0,000000E+0	0,000000E+0	25,000000E+0	4,085465E+0	6,341048E+3
35,500000E+0	0,000000E+0	0,000000E+0	25,000000E+0	4,592799E+0	6,347953E+3
35,600000E+0	0,000000E+0	0,000000E+0	25,000000E+0	4,639727E+0	6,354717E+3
35,700000E+0	0,000000E+0	0,000000E+0	25,000000E+0	4,583920E+0	6,361411E+3
35,800000E+0	0,000000E+0	0,000000E+0	25,000000E+0	4,411427E+0	6,367964E+3
35,900000E+0	0,000000E+0	0,000000E+0	25,000000E+0	4,060098E+0	6,374489E+3
36,000000E+0	0,000000E+0	0,000000E+0	25,000000E+0	4,511625E+0	6,380845E+3
36,100000E+0	0,000000E+0	0,000000E+0	25,000000E+0	4,298545E+0	6,387230E+3
36,200000E+0	0,000000E+0	0,000000E+0	25,000000E+0	4,107027E+0	6,393459E+3
36,300000E+0	0,000000E+0	0,000000E+0	25,000000E+0	4,316302E+0	6,399717E+3
36,400000E+0	0,000000E+0	0,000000E+0	25,000000E+0	3,907898E+0	6,405891E+3
36,500000E+0	0,000000E+0	0,000000E+0	25,000000E+0	4,289667E+0	6,412022E+3
36,600000E+0	0,000000E+0	0,000000E+0	25,000000E+0	3,768381E+0	6,418153E+3
36,700000E+0	0,000000E+0	0,000000E+0	25,000000E+0	4,326449E+0	6,424186E+3
36,800000E+0	0,000000E+0	0,000000E+0	25,000000E+0	4,067708E+0	6,430275E+3
36,900000E+0	0,000000E+0	0,000000E+0	25,000000E+0	4,183127E+0	6,436266E+3
37,000000E+0	0,000000E+0	0,000000E+0	25,000000E+0	3,838140E+0	6,442298E+3
37,100000E+0	0,000000E+0	0,000000E+0	25,000000E+0	4,197078E+0	6,448275E+3
37,200000E+0	0,000000E+0	0,000000E+0	25,000000E+0	4,011901E+0	6,454238E+3
37,300000E+0	0,000000E+0	0,000000E+0	25,000000E+0	4,048683E+0	6,460228E+3
37,400000E+0	0,000000E+0	0,000000E+0	25,000000E+0	3,675793E+0	6,466106E+3
37,500000E+0	0,000000E+0	0,000000E+0	25,000000E+0	4,160297E+0	6,472083E+3
37,600000E+0	0,000000E+0	0,000000E+0	25,000000E+0	3,836871E+0	6,477961E+3
37,700000E+0	0,000000E+0	0,000000E+0	25,000000E+0	4,174248E+0	6,483881E+3
37,800000E+0	0,000000E+0	0,000000E+0	25,000000E+0	3,479201E+0	6,489816E+3
37,900000E+0	0,000000E+0	0,000000E+0	25,000000E+0	4,090538E+0	6,495652E+3
38,000000E+0	0,000000E+0	0,000000E+0	25,000000E+0	3,937070E+0	6,501586E+3
38,100000E+0	0,000000E+0	0,000000E+0	25,000000E+0	4,172980E+0	6,507436E+3
38,200000E+0	0,000000E+0	0,000000E+0	25,000000E+0	3,934533E+0	6,513328E+3
38,300000E+0	0,000000E+0	0,000000E+0	25,000000E+0	3,792480E+0	6,519206E+3
38,400000E+0	0,000000E+0	0,000000E+0	25,000000E+0	4,115905E+0	6,525028E+3
38,500000E+0	0,000000E+0	0,000000E+0	25,000000E+0	3,841945E+0	6,530934E+3
38,600000E+0	0,000000E+0	0,000000E+0	25,000000E+0	4,153955E+0	6,536756E+3
38,700000E+0	0,000000E+0	0,000000E+0	25,000000E+0	3,442419E+0	6,542620E+3
38,800000E+0	0,000000E+0	0,000000E+0	25,000000E+0	4,008096E+0	6,548484E+3
38,900000E+0	0,000000E+0	0,000000E+0	25,000000E+0	3,958631E+0	6,554306E+3
39,000000E+0	0,000000E+0	0,000000E+0	25,000000E+0	4,066440E+0	6,560198E+3
39,100000E+0	0,000000E+0	0,000000E+0	25,000000E+0	3,997950E+0	6,565992E+3
39,200000E+0	0,000000E+0	0,000000E+0	25,000000E+0	3,722721E+0	6,571856E+3
39,300000E+0	0,000000E+0	0,000000E+0	25,000000E+0	4,088002E+0	6,577706E+3
39,400000E+0	0,000000E+0	0,000000E+0	25,000000E+0	3,768381E+0	6,583528E+3
39,500000E+0	0,000000E+0	0,000000E+0	25,000000E+0	4,141272E+0	6,589406E+3
39,600000E+0	0,000000E+0	0,000000E+0	25,000000E+0	3,703696E+0	6,595186E+3
39,700000E+0	0,000000E+0	0,000000E+0	25,000000E+0	4,056293E+0	6,601064E+3
39,800000E+0	0,000000E+0	0,000000E+0	25,000000E+0	4,033463E+0	6,606886E+3
39,900000E+0	0,000000E+0	0,000000E+0	25,000000E+0	3,956095E+0	6,612708E+3
40,000000E+0	0,000000E+0	0,000000E+0	25,000000E+0	3,981461E+0	6,618586E+3
40,100000E+0	0,000000E+0	0,000000E+0	25,000000E+0	3,542618E+0	6,624394E+3
40,200000E+0	0,000000E+0	0,000000E+0	25,000000E+0	4,046147E+0	6,630258E+3
40,300000E+0	0,000000E+0	0,000000E+0	25,000000E+0	3,831798E+0	6,636080E+3
40,400000E+0	0,000000E+0	0,000000E+0	25,000000E+0	4,152687E+0	6,641902E+3
40,500000E+0	0,000000E+0	0,000000E+0	25,000000E+0	3,893946E+0	6,647766E+3
40,600000E+0	0,000000E+0	0,000000E+0	25,000000E+0	3,772186E+0	6,653559E+3
40,700000E+0	0,000000E+0	0,000000E+0	25,000000E+0	4,143808E+0	6,659437E+3
40,800000E+0	0,000000E+0	0,000000E+0	25,000000E+0	3,815310E+0	6,665231E+3
40,900000E+0	0,000000E+0	0,000000E+0	25,000000E+0	4,103222E+0	6,671067E+3
41,000000E+0	0,000000E+0	0,000000E+0	25,000000E+0	3,555301E+0	6,676945E+3
41,100000E+0	0,000000E+0	0,000000E+0	25,000000E+0	3,967510E+0	6,682711E+3
41,200000E+0	0,000000E+0	0,000000E+0	25,000000E+0	4,034732E+0	6,688617E+3
41,300000E+0	0,000000E+0	0,000000E+0	25,000000E+0	4,048683E+0	6,694411E+3
41,400000E+0	0,000000E+0	0,000000E+0	25,000000E+0	4,063903E+0	6,700261E+3
41,500000E+0	0,000000E+0	0,000000E+0	25,000000E+0	3,550228E+0	6,706097E+3
41,600000E+0	0,000000E+0	0,000000E+0	25,000000E+0	3,957363E+0	6,711905E+3
41,700000E+0	0,000000E+0	0,000000E+0	25,000000E+0	3,783601E+0	6,717783E+3
41,800000E+0	0,000000E+0	0,000000E+0	25,000000E+0	4,188200E+0	6,723577E+3
41,900000E+0	0,000000E+0	0,000000E+0	25,000000E+0	3,824188E+0	6,729469E+3
42,000000E+0	0,000000E+0	0,000000E+0	25,000000E+0	3,844481E+0	6,735277E+3
42,100000E+0	0,000000E+0	0,000000E+0	25,000000E+0	4,113368E+0	6,741056E+3
42,200000E+0	0,000000E+0	0,000000E+0	25,000000E+0	3,839408E+0	6,746963E+3
42,300000E+0	0,000000E+0	0,000000E+0	25,000000E+0	4,132393E+0	6,752742E+3
42,400000E+0	0,000000E+0	0,000000E+0	25,000000E+0	3,514714E+0	6,758606E+3
42,500000E+0	0,000000E+0	0,000000E+0	25,000000E+0	4,005560E+0	6,764498E+3
42,600000E+0	0,000000E+0	0,000000E+0	25,000000E+0	4,005560E+0	6,770264E+3
42,700000E+0	0,000000E+0	0,000000E+0	25,000000E+0	4,019511E+0	6,776156E+3
42,800000E+0	0,000000E+0	0,000000E+0	25,000000E+0	4,015706E+0	6,781936E+3
42,900000E+0	0,000000E+0	0,000000E+0	25,000000E+0	3,716379E+0	6,787800E+3
43,000000E+0	0,000000E+0	0,000000E+0	25,000000E+0	4,081660E+0	6,793636E+3
43,100000E+0	0,000000E+0	0,000000E+0	25,000000E+0	3,674524E+0	6,799444E+3
43,200000E+0	0,000000E+0	0,000000E+0	25,000000E+0	4,118442E+0	6,805322E+3
43,300000E+0	0,000000E+0	0,000000E+0	25,000000E+0	3,777260E+0	6,811116E+3
43,400000E+0	0,000000E+0	0,000000E+0	25,000000E+0	3,934533E+0	6,816980E+3
43,500000E+0	0,000000E+0	0,000000E+0	25,000000E+0	4,056293E+0	6,822802E+3
43,600000E+0	0,000000E+0	0,000000E+0	25,000000E+0	3,900288E+0	6,828609E+3
43,700000E+0	0,000000E+0	0,000000E+0	25,000000E+0	4,093075E+0	6,834488E+3
43,800000E+0	0,000000E+0	0,000000E+0	25,000000E+0	3,444956E+0	6,840267E+3
