   1,000	  50,000	  51,400	  50,020
   2,000	  50,000	  51,400	  50,020
   3,000	  50,000	  51,400	  50,010
   4,000	  50,000	  51,400	  50,010
   5,000	  50,000	  51,400	  50,010
   6,000	  50,000	  51,400	  50,000
   7,000	  50,000	  51,400	  50,000
   8,000	  50,000	  51,400	  50,000
   9,000	  50,000	  51,400	  50,000
  10,000	  50,000	  51,400	  50,000
  11,000	  50,000	  45,100	  58,030
  12,000	  50,000	  38,800	  68,630
  13,000	  50,000	  38,600	  67,960
  14,000	  50,000	  40,400	  63,910
  15,000	  50,000	  42,700	  59,200
  16,000	  50,000	  45,100	  54,750
  17,000	  50,000	  47,400	  50,800
  18,000	  50,000	  49,500	  47,430
  19,000	  50,000	  51,400	  44,620
  20,000	  50,000	  53,300	  42,270
  21,000	  50,000	  54,900	  40,320
  22,000	  50,000	  56,400	  38,710
  23,000	  50,000	  57,800	  37,390
  24,000	  50,000	  59,200	  36,320
  25,000	  50,000	  60,400	  35,470
  26,000	  50,000	  61,600	  34,810
  27,000	  50,000	  62,700	  34,300
  28,000	  50,000	  63,700	  33,940
  29,000	  50,000	  64,700	  33,710
  30,000	  50,000	  65,600	  33,570
  31,000	  50,000	  66,500	  33,530
  32,000	  50,000	  67,300	  33,560
  33,000	  50,000	  68,100	  33,650
  34,000	  50,000	  68,800	  33,810
  35,000	  50,000	  69,500	  34,000
  36,000	  50,000	  70,200	  34,240
  37,000	  50,000	  70,800	  34,500
  38,000	  50,000	  71,400	  34,790
  39,000	  50,000	  72,000	  35,100
  40,000	  50,000	  72,600	  35,430
  41,000	  50,000	  73,100	  35,770
  42,000	  50,000	  73,600	  36,110
  43,000	  50,000	  74,100	  36,470
  44,000	  50,000	  74,600	  36,830
  45,000	  50,000	  75,000	  37,190
  46,000	  50,000	  75,400	  37,540
  47,000	  50,000	  75,800	  37,910
  48,000	  50,000	  76,200	  38,270
  49,000	  50,000	  76,600	  38,610
  50,000	  50,000	  76,900	  38,960
  51,000	  50,000	  77,300	  39,310
  52,000	  50,000	  77,600	  39,640
  53,000	  50,000	  77,900	  39,960
  54,000	  50,000	  78,300	  40,290
  55,000	  50,000	  78,600	  40,610
  56,000	  50,000	  78,800	  40,910
  57,000	  50,000	  79,100	  41,220
  58,000	  50,000	  79,400	  41,510
  59,000	  50,000	  79,600	  41,800
  60,000	  50,000	  79,900	  42,070
  61,000	  50,000	  80,100	  42,350
  62,000	  50,000	  80,300	  42,610
  63,000	  50,000	  80,500	  42,870
  64,000	  50,000	  80,800	  43,110
  65,000	  50,000	  80,900	  43,350
  66,000	  50,000	  81,100	  43,580
  67,000	  50,000	  81,300	  43,810
  68,000	  50,000	  81,500	  44,030
  69,000	  50,000	  81,600	  44,240
  70,000	  50,000	  81,800	  44,440
  71,000	  50,000	  82,000	  44,630
  72,000	  50,000	  82,100	  44,830
  73,000	  50,000	  82,300	  45,010
  74,000	  50,000	  82,400	  45,190
  75,000	  50,000	  82,600	  45,370
  76,000	  50,000	  82,700	  45,530
  77,000	  50,000	  82,800	  45,690
  78,000	  50,000	  82,900	  45,850
  79,000	  50,000	  83,100	  46,000
  80,000	  50,000	  83,200	  46,140
  81,000	  50,000	  83,300	  46,280
  82,000	  50,000	  83,400	  46,420
  83,000	  50,000	  83,500	  46,550
  84,000	  50,000	  83,600	  46,670
  85,000	  50,000	  83,700	  46,800
  86,000	  50,000	  83,800	  46,910
  87,000	  50,000	  83,800	  47,030
  88,000	  50,000	  83,900	  47,140
  89,000	  50,000	  84,000	  47,240
  90,000	  50,000	  84,100	  47,340
  91,000	  50,000	  84,100	  47,440
  92,000	  50,000	  84,200	  47,540
  93,000	  50,000	  84,300	  47,630
  94,000	  50,000	  84,400	  47,710
  95,000	  50,000	  84,400	  47,800
  96,000	  50,000	  84,500	  47,880
  97,000	  50,000	  84,500	  47,960
  98,000	  50,000	  84,600	  48,030
  99,000	  50,000	  84,600	  48,110
 100,000	  50,000	  84,700	  48,180
 101,000	  50,000	  84,800	  48,250
 102,000	  50,000	  84,800	  48,310
 103,000	  50,000	  84,800	  48,370
 104,000	  50,000	  84,900	  48,440
 105,000	  50,000	  84,900	  48,500
 106,000	  50,000	  84,900	  48,550
 107,000	  50,000	  85,000	  48,600
 108,000	  50,000	  85,100	  48,650
 109,000	  50,000	  85,100	  48,710
 110,000	  50,000	  85,100	  48,750
 111,000	  50,000	  85,100	  48,800
 112,000	  50,000	  85,200	  48,840
 113,000	  50,000	  85,200	  48,890
 114,000	  50,000	  85,300	  48,930
 115,000	  50,000	  85,300	  48,970
 116,000	  50,000	  85,300	  49,020
 117,000	  50,000	  85,300	  49,050
 118,000	  50,000	  85,400	  49,070
 119,000	  50,000	  85,400	  49,110
 120,000	  50,000	  85,400	  49,150
 121,000	  50,000	  85,400	  49,180
 122,000	  50,000	  85,400	  49,210
 123,000	  50,000	  85,400	  49,250
 124,000	  50,000	  85,500	  49,270
 125,000	  50,000	  85,500	  49,300
 126,000	  50,000	  85,500	  49,330
 127,000	  50,000	  85,600	  49,350
 128,000	  50,000	  85,600	  49,380
 129,000	  50,000	  85,600	  49,410
 130,000	  50,000	  85,600	  49,420
 131,000	  50,000	  85,600	  49,450
 132,000	  50,000	  85,600	  49,460
 133,000	  50,000	  85,600	  49,490
 134,000	  50,000	  85,600	  49,510
 135,000	  50,000	  85,700	  49,530
 136,000	  50,000	  85,700	  49,550
 137,000	  50,000	  85,700	  49,560
