   1,000	  50,000	  51,400	  49,970
   2,000	  50,000	  51,400	  49,970
   3,000	  50,000	  51,400	  49,970
   4,000	  50,000	  51,400	  49,980
   5,000	  50,000	  51,400	  49,980
   6,000	  50,000	  51,400	  49,980
   7,000	  50,000	  51,400	  49,990
   8,000	  40,000	  42,600	  53,000
   9,000	  40,000	  40,200	  55,860
  10,000	  40,000	  38,800	  56,850
  11,000	  40,000	  38,200	  56,610
  12,000	  40,000	  38,000	  55,610
  13,000	  40,000	  38,100	  54,200
  14,000	  40,000	  38,400	  52,620
  15,000	  40,000	  38,800	  51,020
  16,000	  40,000	  39,300	  49,490
  17,000	  40,000	  39,600	  48,120
  18,000	  40,000	  40,000	  46,900
  19,000	  40,000	  40,300	  45,860
  20,000	  40,000	  40,600	  44,990
  21,000	  40,000	  40,800	  44,260
  22,000	  40,000	  40,900	  43,650
  23,000	  40,000	  41,100	  43,140
  24,000	  40,000	  41,200	  42,730
  25,000	  40,000	  41,300	  42,390
  26,000	  40,000	  41,300	  42,120
  27,000	  40,000	  41,400	  41,880
  28,000	  40,000	  41,400	  41,700
  29,000	  40,000	  41,400	  41,530
  30,000	  40,000	  41,400	  41,390
  31,000	  40,000	  41,400	  41,280
  32,000	  40,000	  41,400	  41,180
  33,000	  40,000	  41,400	  41,090
  34,000	  40,000	  41,400	  41,010
  35,000	  40,000	  41,400	  40,930
  36,000	  40,000	  41,400	  40,870
  37,000	  40,000	  41,400	  40,800
  38,000	  40,000	  41,400	  40,750
  39,000	  40,000	  41,400	  40,710
  40,000	  40,000	  41,400	  40,670
  41,000	  40,000	  41,400	  40,620
  42,000	  40,000	  41,400	  40,580
  43,000	  40,000	  41,300	  40,540
  44,000	  40,000	  41,300	  40,520
  45,000	  40,000	  41,300	  40,480
  46,000	  40,000	  41,300	  40,450
  47,000	  40,000	  41,300	  40,420
  48,000	  40,000	  41,300	  40,380
  49,000	  40,000	  41,300	  40,360
  50,000	  40,000	  41,300	  40,330
  51,000	  40,000	  41,300	  40,310
  52,000	  40,000	  41,300	  40,300
  53,000	  40,000	  41,300	  40,290
  54,000	  40,000	  41,300	  40,270
  55,000	  40,000	  41,300	  40,250
  56,000	  40,000	  41,300	  40,230
  57,000	  40,000	  41,300	  40,210
  58,000	  40,000	  41,300	  40,190
  59,000	  40,000	  41,300	  40,180
  60,000	  40,000	  41,300	  40,160
  61,000	  40,000	  41,300	  40,150
  62,000	  40,000	  41,300	  40,140
  63,000	  40,000	  41,300	  40,130
  64,000	  40,000	  41,300	  40,120
  65,000	  40,000	  41,300	  40,110
  66,000	  40,000	  41,300	  40,100
  67,000	  40,000	  41,300	  40,100
  68,000	  40,000	  41,300	  40,090
  69,000	  40,000	  41,300	  40,080
  70,000	  40,000	  41,300	  40,080
  71,000	  40,000	  41,300	  40,070
  72,000	  40,000	  41,300	  40,070
  73,000	  40,000	  41,300	  40,060
  74,000	  40,000	  41,300	  40,060
  75,000	  40,000	  41,300	  40,050
