0.000000E+0	21.000000E+0	1.263211E+0	30.000000E+0	197.367886E+0
100.000000E-3	21.000000E+0	1.280488E+0	30.000000E+0	197.367886E+0
200.000000E-3	21.000000E+0	1.263211E+0	30.000000E+0	197.195122E+0
300.000000E-3	21.000000E+0	1.263211E+0	30.000000E+0	197.367886E+0
400.000000E-3	21.000000E+0	1.280488E+0	30.000000E+0	197.367886E+0
500.000000E-3	21.000000E+0	1.280488E+0	30.000000E+0	197.195122E+0
600.000000E-3	21.000000E+0	1.263211E+0	30.000000E+0	197.195122E+0
700.000000E-3	21.000000E+0	1.280488E+0	30.000000E+0	197.367886E+0
800.000000E-3	21.000000E+0	1.366870E+0	30.000000E+0	197.195122E+0
900.000000E-3	21.000000E+0	1.608740E+0	30.000000E+0	196.331301E+0
1.000000E+0	21.000000E+0	1.435976E+0	30.000000E+0	193.912602E+0
1.100000E+0	21.000000E+0	2.127033E+0	30.000000E+0	195.640244E+0
1.200000E+0	21.000000E+0	2.679878E+0	30.000000E+0	188.729675E+0
1.300000E+0	21.000000E+0	2.956301E+0	30.000000E+0	183.201220E+0
1.400000E+0	21.000000E+0	3.042683E+0	30.000000E+0	180.436992E+0
1.500000E+0	21.000000E+0	3.319106E+0	30.000000E+0	179.573171E+0
1.600000E+0	21.000000E+0	3.526423E+0	30.000000E+0	176.808943E+0
1.700000E+0	21.000000E+0	3.474593E+0	30.000000E+0	174.735772E+0
1.800000E+0	21.000000E+0	3.699187E+0	30.000000E+0	175.254065E+0
1.900000E+0	21.000000E+0	3.975610E+0	30.000000E+0	173.008130E+0
2.000000E+0	21.000000E+0	4.148374E+0	30.000000E+0	170.243902E+0
2.100000E+0	21.000000E+0	4.511179E+0	30.000000E+0	168.516260E+0
2.200000E+0	21.000000E+0	4.528455E+0	30.000000E+0	164.888211E+0
2.300000E+0	21.000000E+0	4.597561E+0	30.000000E+0	164.715447E+0
2.400000E+0	21.000000E+0	4.943089E+0	30.000000E+0	164.024390E+0
2.500000E+0	21.000000E+0	5.305894E+0	30.000000E+0	160.569106E+0
2.600000E+0	21.000000E+0	5.495935E+0	30.000000E+0	156.941057E+0
2.700000E+0	21.000000E+0	5.720528E+0	30.000000E+0	155.040650E+0
2.800000E+0	21.000000E+0	5.806911E+0	30.000000E+0	152.794715E+0
2.900000E+0	21.000000E+0	6.273374E+0	30.000000E+0	151.930894E+0
3.000000E+0	21.000000E+0	6.411585E+0	30.000000E+0	147.266260E+0
3.100000E+0	21.000000E+0	6.739837E+0	30.000000E+0	145.884146E+0
3.200000E+0	21.000000E+0	6.843496E+0	30.000000E+0	142.601626E+0
3.300000E+0	21.000000E+0	7.154472E+0	30.000000E+0	141.565041E+0
3.400000E+0	21.000000E+0	7.379065E+0	30.000000E+0	138.455285E+0
3.500000E+0	21.000000E+0	7.500000E+0	30.000000E+0	136.209350E+0
3.600000E+0	21.000000E+0	7.845528E+0	30.000000E+0	135.000000E+0
3.700000E+0	21.000000E+0	8.191057E+0	30.000000E+0	131.544715E+0
3.800000E+0	21.000000E+0	8.502033E+0	30.000000E+0	128.089431E+0
3.900000E+0	21.000000E+0	8.536585E+0	30.000000E+0	124.979675E+0
4.000000E+0	21.000000E+0	8.830285E+0	30.000000E+0	124.634146E+0
4.100000E+0	21.000000E+0	9.158537E+0	30.000000E+0	121.697154E+0
4.200000E+0	21.000000E+0	9.193089E+0	30.000000E+0	118.414634E+0
4.300000E+0	21.000000E+0	9.625000E+0	30.000000E+0	118.069106E+0
4.400000E+0	21.000000E+0	9.745935E+0	30.000000E+0	113.750000E+0
4.500000E+0	21.000000E+0	9.866870E+0	30.000000E+0	111.331301E+0
4.600000E+0	21.000000E+0	10.108740E+0	30.000000E+0	108.912602E+0
4.700000E+0	21.000000E+0	10.385163E+0	30.000000E+0	106.148374E+0
4.800000E+0	21.000000E+0	10.402439E+0	30.000000E+0	105.975610E+0
4.900000E+0	21.000000E+0	10.834350E+0	30.000000E+0	101.656504E+0
5.000000E+0	21.000000E+0	10.938008E+0	30.000000E+0	100.619919E+0
5.100000E+0	21.000000E+0	11.076220E+0	30.000000E+0	99.237805E+0
5.200000E+0	21.000000E+0	11.369919E+0	30.000000E+0	96.300813E+0
5.300000E+0	21.000000E+0	11.611789E+0	30.000000E+0	93.882114E+0
5.400000E+0	21.000000E+0	11.870935E+0	30.000000E+0	91.290650E+0
5.500000E+0	21.000000E+0	11.940041E+0	30.000000E+0	90.599593E+0
5.600000E+0	21.000000E+0	12.060976E+0	30.000000E+0	89.390244E+0
5.700000E+0	21.000000E+0	12.389228E+0	30.000000E+0	86.107724E+0
5.800000E+0	21.000000E+0	12.596545E+0	30.000000E+0	84.034553E+0
5.900000E+0	21.000000E+0	12.855691E+0	30.000000E+0	81.443089E+0
6.000000E+0	21.000000E+0	12.890244E+0	30.000000E+0	81.097561E+0
6.100000E+0	21.000000E+0	13.063008E+0	30.000000E+0	79.369919E+0
6.200000E+0	21.000000E+0	13.304878E+0	30.000000E+0	76.951220E+0
6.300000E+0	21.000000E+0	13.615854E+0	30.000000E+0	73.841463E+0
6.400000E+0	21.000000E+0	13.788618E+0	30.000000E+0	72.113821E+0
6.500000E+0	21.000000E+0	13.995935E+0	30.000000E+0	70.040650E+0
6.600000E+0	21.000000E+0	14.220528E+0	30.000000E+0	67.794715E+0
6.700000E+0	21.000000E+0	14.427846E+0	30.000000E+0	65.721545E+0
6.800000E+0	21.000000E+0	14.617886E+0	30.000000E+0	63.821138E+0
6.900000E+0	21.000000E+0	14.790650E+0	30.000000E+0	62.093496E+0
7.000000E+0	21.000000E+0	14.963415E+0	30.000000E+0	60.365854E+0
7.100000E+0	21.000000E+0	15.239837E+0	30.000000E+0	57.601626E+0
7.200000E+0	21.000000E+0	15.378049E+0	30.000000E+0	56.219512E+0
7.300000E+0	21.000000E+0	15.637195E+0	30.000000E+0	53.628049E+0
7.400000E+0	21.000000E+0	15.844512E+0	30.000000E+0	51.554878E+0
7.500000E+0	21.000000E+0	15.740854E+0	30.000000E+0	52.591463E+0
7.600000E+0	21.000000E+0	16.207317E+0	30.000000E+0	47.926829E+0
7.700000E+0	21.000000E+0	16.466463E+0	30.000000E+0	45.335366E+0
7.800000E+0	21.000000E+0	16.656504E+0	30.000000E+0	43.434959E+0
7.900000E+0	21.000000E+0	16.932927E+0	30.000000E+0	40.670732E+0
8.000000E+0	21.000000E+0	17.002033E+0	30.000000E+0	39.979675E+0
8.100000E+0	21.000000E+0	17.105691E+0	30.000000E+0	38.943089E+0
8.200000E+0	21.000000E+0	17.399390E+0	30.000000E+0	36.006098E+0
8.300000E+0	21.000000E+0	17.313008E+0	30.000000E+0	36.869919E+0
8.400000E+0	21.000000E+0	17.572154E+0	30.000000E+0	34.278455E+0
8.500000E+0	21.000000E+0	17.658537E+0	30.000000E+0	33.414634E+0
8.600000E+0	21.000000E+0	17.658537E+0	30.000000E+0	33.414634E+0
8.700000E+0	21.000000E+0	17.779472E+0	30.000000E+0	32.205285E+0
8.800000E+0	21.000000E+0	18.055894E+0	30.000000E+0	29.441057E+0
8.900000E+0	21.000000E+0	18.055894E+0	30.000000E+0	29.441057E+0
9.000000E+0	21.000000E+0	18.125000E+0	30.000000E+0	28.750000E+0
9.100000E+0	21.000000E+0	18.280488E+0	30.000000E+0	27.195122E+0
9.200000E+0	21.000000E+0	18.401423E+0	30.000000E+0	25.985772E+0
9.300000E+0	21.000000E+0	18.574187E+0	30.000000E+0	24.258130E+0
9.400000E+0	21.000000E+0	18.522358E+0	30.000000E+0	24.776423E+0
9.500000E+0	21.000000E+0	18.746951E+0	30.000000E+0	22.530488E+0
9.600000E+0	21.000000E+0	18.712398E+0	30.000000E+0	22.876016E+0
9.700000E+0	21.000000E+0	18.833333E+0	30.000000E+0	21.666667E+0
9.800000E+0	21.000000E+0	18.936992E+0	30.000000E+0	20.630081E+0
9.900000E+0	21.000000E+0	18.971545E+0	30.000000E+0	20.284553E+0
10.000000E+0	21.000000E+0	18.988821E+0	30.000000E+0	20.111789E+0
10.100000E+0	21.000000E+0	19.057927E+0	30.000000E+0	19.420732E+0
10.200000E+0	21.000000E+0	19.161585E+0	30.000000E+0	18.384146E+0
10.300000E+0	21.000000E+0	19.247967E+0	30.000000E+0	17.520325E+0
10.400000E+0	21.000000E+0	19.351626E+0	30.000000E+0	16.483740E+0
10.500000E+0	21.000000E+0	19.455285E+0	30.000000E+0	15.447154E+0
10.600000E+0	21.000000E+0	19.438008E+0	30.000000E+0	15.619919E+0
10.700000E+0	21.000000E+0	19.472561E+0	30.000000E+0	15.274390E+0
10.800000E+0	21.000000E+0	19.524390E+0	30.000000E+0	14.756098E+0
10.900000E+0	21.000000E+0	19.524390E+0	30.000000E+0	14.756098E+0
11.000000E+0	21.000000E+0	19.576220E+0	30.000000E+0	14.237805E+0
11.100000E+0	21.000000E+0	19.628049E+0	30.000000E+0	13.719512E+0
11.200000E+0	21.000000E+0	19.662602E+0	30.000000E+0	13.373984E+0
11.300000E+0	21.000000E+0	19.697154E+0	30.000000E+0	13.028455E+0
11.400000E+0	21.000000E+0	19.714431E+0	30.000000E+0	12.855691E+0
11.500000E+0	21.000000E+0	19.818089E+0	30.000000E+0	11.819106E+0
11.600000E+0	21.000000E+0	19.800813E+0	30.000000E+0	11.991870E+0
11.700000E+0	21.000000E+0	19.887195E+0	30.000000E+0	11.128049E+0
11.800000E+0	21.000000E+0	19.904472E+0	30.000000E+0	10.955285E+0
11.900000E+0	21.000000E+0	19.939024E+0	30.000000E+0	10.609756E+0
12.000000E+0	21.000000E+0	20.008130E+0	30.000000E+0	9.918699E+0
12.100000E+0	21.000000E+0	20.077236E+0	30.000000E+0	9.227642E+0
12.200000E+0	21.000000E+0	20.077236E+0	30.000000E+0	9.227642E+0
12.300000E+0	21.000000E+0	20.077236E+0	30.000000E+0	9.227642E+0
12.400000E+0	21.000000E+0	20.094512E+0	30.000000E+0	9.054878E+0
12.500000E+0	21.000000E+0	20.146341E+0	30.000000E+0	8.536585E+0
12.600000E+0	21.000000E+0	20.146341E+0	30.000000E+0	8.536585E+0
12.700000E+0	21.000000E+0	20.215447E+0	30.000000E+0	8.536585E+0
12.800000E+0	21.000000E+0	20.232724E+0	30.000000E+0	7.845528E+0
12.900000E+0	21.000000E+0	20.301829E+0	30.000000E+0	7.672764E+0
13.000000E+0	21.000000E+0	20.319106E+0	30.000000E+0	6.981707E+0
13.100000E+0	21.000000E+0	20.319106E+0	30.000000E+0	6.808943E+0
13.200000E+0	21.000000E+0	20.336382E+0	30.000000E+0	6.808943E+0
13.300000E+0	21.000000E+0	20.353659E+0	30.000000E+0	6.636179E+0
13.400000E+0	21.000000E+0	20.353659E+0	30.000000E+0	6.463415E+0
13.500000E+0	21.000000E+0	20.370935E+0	30.000000E+0	6.463415E+0
13.600000E+0	21.000000E+0	20.474593E+0	30.000000E+0	6.290650E+0
13.700000E+0	21.000000E+0	20.491870E+0	30.000000E+0	5.254065E+0
13.800000E+0	21.000000E+0	20.440041E+0	30.000000E+0	5.081301E+0
13.900000E+0	21.000000E+0	20.457317E+0	30.000000E+0	5.599593E+0
14.000000E+0	21.000000E+0	20.509146E+0	30.000000E+0	5.426829E+0
14.100000E+0	21.000000E+0	20.526423E+0	30.000000E+0	4.908537E+0
14.200000E+0	21.000000E+0	20.526423E+0	30.000000E+0	4.735772E+0
14.300000E+0	21.000000E+0	20.560976E+0	30.000000E+0	4.735772E+0
14.400000E+0	21.000000E+0	20.560976E+0	30.000000E+0	4.390244E+0
14.500000E+0	21.000000E+0	20.630081E+0	30.000000E+0	4.390244E+0
14.600000E+0	21.000000E+0	20.543699E+0	30.000000E+0	3.699187E+0
14.700000E+0	21.000000E+0	20.647358E+0	30.000000E+0	4.563008E+0
14.800000E+0	21.000000E+0	20.595528E+0	30.000000E+0	3.526423E+0
14.900000E+0	21.000000E+0	20.630081E+0	30.000000E+0	4.044715E+0
15.000000E+0	21.000000E+0	20.664634E+0	30.000000E+0	3.699187E+0
15.100000E+0	21.000000E+0	20.595528E+0	30.000000E+0	3.353659E+0
15.200000E+0	21.000000E+0	20.716463E+0	30.000000E+0	4.044715E+0
15.300000E+0	21.000000E+0	20.647358E+0	30.000000E+0	2.835366E+0
15.400000E+0	21.000000E+0	20.630081E+0	30.000000E+0	3.526423E+0
15.500000E+0	21.000000E+0	20.664634E+0	30.000000E+0	3.699187E+0
15.600000E+0	21.000000E+0	20.630081E+0	30.000000E+0	3.353659E+0
15.700000E+0	21.000000E+0	20.612805E+0	30.000000E+0	3.699187E+0
15.800000E+0	21.000000E+0	20.647358E+0	30.000000E+0	3.871951E+0
15.900000E+0	21.000000E+0	20.699187E+0	30.000000E+0	3.526423E+0
16.000000E+0	21.000000E+0	20.647358E+0	30.000000E+0	3.008130E+0
16.100000E+0	21.000000E+0	20.699187E+0	30.000000E+0	3.526423E+0
16.200000E+0	21.000000E+0	20.681911E+0	30.000000E+0	3.008130E+0
16.300000E+0	21.000000E+0	20.681911E+0	30.000000E+0	3.180894E+0
16.400000E+0	21.000000E+0	20.699187E+0	30.000000E+0	3.180894E+0
16.500000E+0	21.000000E+0	20.630081E+0	30.000000E+0	3.008130E+0
16.600000E+0	21.000000E+0	20.664634E+0	30.000000E+0	3.699187E+0
16.700000E+0	21.000000E+0	20.647358E+0	30.000000E+0	3.353659E+0
16.800000E+0	21.000000E+0	20.681911E+0	30.000000E+0	3.526423E+0
16.900000E+0	21.000000E+0	20.664634E+0	30.000000E+0	3.180894E+0
17.000000E+0	21.000000E+0	20.630081E+0	30.000000E+0	3.353659E+0
17.100000E+0	21.000000E+0	20.733740E+0	30.000000E+0	3.699187E+0
17.200000E+0	21.000000E+0	20.699187E+0	30.000000E+0	2.662602E+0
17.300000E+0	21.000000E+0	20.699187E+0	30.000000E+0	3.008130E+0
17.400000E+0	21.000000E+0	20.681911E+0	30.000000E+0	3.008130E+0
17.500000E+0	21.000000E+0	20.699187E+0	30.000000E+0	3.180894E+0
17.600000E+0	21.000000E+0	20.681911E+0	30.000000E+0	3.008130E+0
17.700000E+0	21.000000E+0	20.716463E+0	30.000000E+0	3.180894E+0
17.800000E+0	21.000000E+0	20.716463E+0	30.000000E+0	2.835366E+0
17.900000E+0	21.000000E+0	20.647358E+0	30.000000E+0	2.835366E+0
18.000000E+0	21.000000E+0	20.716463E+0	30.000000E+0	3.526423E+0
18.100000E+0	21.000000E+0	20.681911E+0	30.000000E+0	2.835366E+0
18.200000E+0	21.000000E+0	20.733740E+0	30.000000E+0	3.180894E+0
18.300000E+0	21.000000E+0	20.699187E+0	30.000000E+0	2.662602E+0
18.400000E+0	21.000000E+0	20.733740E+0	30.000000E+0	3.008130E+0
18.500000E+0	21.000000E+0	20.733740E+0	30.000000E+0	2.662602E+0
18.600000E+0	21.000000E+0	20.699187E+0	30.000000E+0	2.662602E+0
18.700000E+0	21.000000E+0	20.751016E+0	30.000000E+0	3.008130E+0
18.800000E+0	21.000000E+0	20.733740E+0	30.000000E+0	2.489837E+0
18.900000E+0	21.000000E+0	20.699187E+0	30.000000E+0	2.662602E+0
19.000000E+0	21.000000E+0	20.768293E+0	30.000000E+0	3.008130E+0
19.100000E+0	21.000000E+0	20.716463E+0	30.000000E+0	2.317073E+0
19.200000E+0	21.000000E+0	20.733740E+0	30.000000E+0	2.835366E+0
19.300000E+0	21.000000E+0	20.751016E+0	30.000000E+0	2.662602E+0
19.400000E+0	21.000000E+0	20.768293E+0	30.000000E+0	2.489837E+0
19.500000E+0	21.000000E+0	20.699187E+0	30.000000E+0	2.317073E+0
19.600000E+0	21.000000E+0	20.699187E+0	30.000000E+0	3.008130E+0
19.700000E+0	21.000000E+0	20.768293E+0	30.000000E+0	3.008130E+0
19.800000E+0	21.000000E+0	20.716463E+0	30.000000E+0	2.317073E+0
19.900000E+0	21.000000E+0	20.733740E+0	30.000000E+0	2.835366E+0
20.000000E+0	21.000000E+0	20.733740E+0	30.000000E+0	2.662602E+0
20.100000E+0	21.000000E+0	20.733740E+0	30.000000E+0	2.662602E+0
20.200000E+0	21.000000E+0	20.716463E+0	30.000000E+0	2.662602E+0
20.300000E+0	21.000000E+0	20.751016E+0	30.000000E+0	2.835366E+0
20.400000E+0	21.000000E+0	20.768293E+0	30.000000E+0	2.489837E+0
20.500000E+0	21.000000E+0	20.751016E+0	30.000000E+0	2.317073E+0
20.600000E+0	21.000000E+0	20.733740E+0	30.000000E+0	2.489837E+0
20.700000E+0	21.000000E+0	20.751016E+0	30.000000E+0	2.662602E+0
20.800000E+0	21.000000E+0	20.768293E+0	30.000000E+0	2.489837E+0
20.900000E+0	21.000000E+0	20.751016E+0	30.000000E+0	2.317073E+0
21.000000E+0	21.000000E+0	20.768293E+0	30.000000E+0	2.489837E+0
21.100000E+0	21.000000E+0	20.733740E+0	30.000000E+0	2.317073E+0
21.200000E+0	21.000000E+0	20.768293E+0	30.000000E+0	2.662602E+0
21.300000E+0	21.000000E+0	20.768293E+0	30.000000E+0	2.317073E+0
21.400000E+0	21.000000E+0	20.751016E+0	30.000000E+0	2.317073E+0
21.500000E+0	21.000000E+0	20.699187E+0	30.000000E+0	2.489837E+0
21.600000E+0	21.000000E+0	20.820122E+0	30.000000E+0	3.008130E+0
21.700000E+0	21.000000E+0	20.768293E+0	30.000000E+0	1.798780E+0
21.800000E+0	21.000000E+0	20.733740E+0	30.000000E+0	2.317073E+0
21.900000E+0	21.000000E+0	20.768293E+0	30.000000E+0	2.662602E+0
22.000000E+0	21.000000E+0	20.716463E+0	30.000000E+0	2.317073E+0
22.100000E+0	21.000000E+0	20.785569E+0	30.000000E+0	2.835366E+0
22.200000E+0	21.000000E+0	20.768293E+0	30.000000E+0	2.144309E+0
22.300000E+0	21.000000E+0	20.785569E+0	30.000000E+0	2.317073E+0
22.400000E+0	21.000000E+0	20.751016E+0	30.000000E+0	2.144309E+0
22.500000E+0	21.000000E+0	20.768293E+0	30.000000E+0	2.489837E+0
22.600000E+0	21.000000E+0	20.820122E+0	30.000000E+0	2.317073E+0
22.700000E+0	21.000000E+0	20.768293E+0	30.000000E+0	1.798780E+0
22.800000E+0	21.000000E+0	20.768293E+0	30.000000E+0	2.317073E+0
22.900000E+0	21.000000E+0	20.768293E+0	30.000000E+0	2.317073E+0
23.000000E+0	21.000000E+0	20.820122E+0	30.000000E+0	2.317073E+0
23.100000E+0	21.000000E+0	20.768293E+0	30.000000E+0	1.798780E+0
23.200000E+0	21.000000E+0	20.785569E+0	30.000000E+0	2.317073E+0
23.300000E+0	21.000000E+0	20.820122E+0	30.000000E+0	2.144309E+0
23.400000E+0	21.000000E+0	20.768293E+0	30.000000E+0	1.798780E+0
23.500000E+0	21.000000E+0	20.785569E+0	30.000000E+0	2.317073E+0
23.600000E+0	21.000000E+0	20.820122E+0	30.000000E+0	2.144309E+0
23.700000E+0	21.000000E+0	20.785569E+0	30.000000E+0	1.798780E+0
23.800000E+0	21.000000E+0	20.768293E+0	30.000000E+0	2.144309E+0
23.900000E+0	21.000000E+0	20.837398E+0	30.000000E+0	2.317073E+0
24.000000E+0	21.000000E+0	20.802846E+0	30.000000E+0	1.626016E+0
24.100000E+0	21.000000E+0	20.768293E+0	30.000000E+0	1.971545E+0
24.200000E+0	21.000000E+0	20.871951E+0	30.000000E+0	2.317073E+0
24.300000E+0	21.000000E+0	20.768293E+0	30.000000E+0	1.280488E+0
24.400000E+0	21.000000E+0	20.768293E+0	30.000000E+0	2.317073E+0
24.500000E+0	21.000000E+0	20.768293E+0	30.000000E+0	2.317073E+0
24.600000E+0	21.000000E+0	20.785569E+0	30.000000E+0	2.317073E+0
24.700000E+0	21.000000E+0	20.768293E+0	30.000000E+0	2.317073E+0
24.800000E+0	21.000000E+0	20.802846E+0	30.000000E+0	1.971545E+0
24.900000E+0	21.000000E+0	20.837398E+0	30.000000E+0	1.626016E+0
25.000000E+0	21.000000E+0	20.768293E+0	30.000000E+0	2.317073E+0
25.100000E+0	21.000000E+0	20.820122E+0	30.000000E+0	1.798780E+0
25.200000E+0	21.000000E+0	20.785569E+0	30.000000E+0	2.144309E+0
25.300000E+0	21.000000E+0	20.768293E+0	30.000000E+0	2.317073E+0
25.400000E+0	21.000000E+0	20.785569E+0	30.000000E+0	2.144309E+0
25.500000E+0	21.000000E+0	20.820122E+0	30.000000E+0	1.798780E+0
25.600000E+0	21.000000E+0	20.785569E+0	30.000000E+0	2.144309E+0
25.700000E+0	21.000000E+0	20.785569E+0	30.000000E+0	2.144309E+0
25.800000E+0	21.000000E+0	20.854675E+0	30.000000E+0	1.453252E+0
25.900000E+0	21.000000E+0	20.768293E+0	30.000000E+0	2.317073E+0
26.000000E+0	21.000000E+0	20.768293E+0	30.000000E+0	2.317073E+0
26.100000E+0	21.000000E+0	20.854675E+0	30.000000E+0	1.453252E+0
26.200000E+0	21.000000E+0	20.820122E+0	30.000000E+0	1.798780E+0
26.300000E+0	21.000000E+0	20.768293E+0	30.000000E+0	2.317073E+0
26.400000E+0	21.000000E+0	20.854675E+0	30.000000E+0	1.453252E+0
26.500000E+0	21.000000E+0	20.837398E+0	30.000000E+0	1.626016E+0
26.600000E+0	21.000000E+0	20.785569E+0	30.000000E+0	2.144309E+0
26.700000E+0	21.000000E+0	20.802846E+0	30.000000E+0	1.971545E+0
26.800000E+0	21.000000E+0	20.768293E+0	30.000000E+0	2.317073E+0
26.900000E+0	21.000000E+0	20.854675E+0	30.000000E+0	1.453252E+0
27.000000E+0	21.000000E+0	20.802846E+0	30.000000E+0	1.971545E+0
27.100000E+0	21.000000E+0	20.854675E+0	30.000000E+0	1.453252E+0
27.200000E+0	21.000000E+0	20.785569E+0	30.000000E+0	2.144309E+0
27.300000E+0	21.000000E+0	20.802846E+0	30.000000E+0	1.971545E+0
27.400000E+0	21.000000E+0	20.889228E+0	30.000000E+0	1.107724E+0
27.500000E+0	21.000000E+0	20.820122E+0	30.000000E+0	1.798780E+0
27.600000E+0	21.000000E+0	20.802846E+0	30.000000E+0	1.971545E+0
27.700000E+0	21.000000E+0	20.871951E+0	30.000000E+0	1.280488E+0
27.800000E+0	21.000000E+0	20.820122E+0	30.000000E+0	1.798780E+0
27.900000E+0	21.000000E+0	20.906504E+0	30.000000E+0	934.959350E-3
28.000000E+0	21.000000E+0	20.802846E+0	30.000000E+0	1.971545E+0
28.100000E+0	21.000000E+0	20.871951E+0	30.000000E+0	1.280488E+0
28.200000E+0	21.000000E+0	20.854675E+0	30.000000E+0	1.453252E+0
28.300000E+0	21.000000E+0	20.785569E+0	30.000000E+0	2.144309E+0
28.400000E+0	21.000000E+0	20.820122E+0	30.000000E+0	1.798780E+0
28.500000E+0	21.000000E+0	20.837398E+0	30.000000E+0	1.626016E+0
28.600000E+0	21.000000E+0	20.854675E+0	30.000000E+0	1.453252E+0
28.700000E+0	21.000000E+0	20.802846E+0	30.000000E+0	1.971545E+0
28.800000E+0	21.000000E+0	20.889228E+0	30.000000E+0	1.107724E+0
28.900000E+0	21.000000E+0	20.820122E+0	30.000000E+0	1.798780E+0
29.000000E+0	21.000000E+0	20.889228E+0	30.000000E+0	1.107724E+0
29.100000E+0	21.000000E+0	20.889228E+0	30.000000E+0	1.107724E+0
29.200000E+0	21.000000E+0	20.837398E+0	30.000000E+0	1.626016E+0
29.300000E+0	21.000000E+0	20.871951E+0	30.000000E+0	1.280488E+0
29.400000E+0	21.000000E+0	20.871951E+0	30.000000E+0	1.280488E+0
29.500000E+0	21.000000E+0	20.802846E+0	30.000000E+0	1.971545E+0
29.600000E+0	21.000000E+0	20.906504E+0	30.000000E+0	934.959350E-3
29.700000E+0	21.000000E+0	20.820122E+0	30.000000E+0	1.798780E+0
29.800000E+0	21.000000E+0	20.871951E+0	30.000000E+0	1.280488E+0
29.900000E+0	21.000000E+0	20.854675E+0	30.000000E+0	1.453252E+0
30.000000E+0	21.000000E+0	20.923780E+0	30.000000E+0	762.195122E-3
30.100000E+0	21.000000E+0	20.871951E+0	30.000000E+0	1.280488E+0
30.200000E+0	21.000000E+0	20.820122E+0	30.000000E+0	1.798780E+0
30.300000E+0	21.000000E+0	20.906504E+0	30.000000E+0	934.959350E-3
30.400000E+0	21.000000E+0	20.871951E+0	30.000000E+0	1.280488E+0
30.500000E+0	21.000000E+0	20.837398E+0	30.000000E+0	1.280488E+0
30.600000E+0	21.000000E+0	20.923780E+0	30.000000E+0	762.195122E-3
30.700000E+0	21.000000E+0	20.854675E+0	30.000000E+0	1.453252E+0
30.800000E+0	21.000000E+0	20.871951E+0	30.000000E+0	1.280488E+0
30.900000E+0	21.000000E+0	20.923780E+0	30.000000E+0	762.195122E-3
31.000000E+0	21.000000E+0	20.906504E+0	30.000000E+0	934.959350E-3
31.100000E+0	21.000000E+0	20.871951E+0	30.000000E+0	1.280488E+0
31.200000E+0	21.000000E+0	20.802846E+0	30.000000E+0	1.971545E+0
31.300000E+0	21.000000E+0	20.975610E+0	30.000000E+0	243.902439E-3
31.400000E+0	21.000000E+0	20.871951E+0	30.000000E+0	1.280488E+0
31.500000E+0	21.000000E+0	20.854675E+0	30.000000E+0	1.453252E+0
31.600000E+0	21.000000E+0	20.923780E+0	30.000000E+0	762.195122E-3
31.700000E+0	21.000000E+0	20.871951E+0	30.000000E+0	1.280488E+0
31.800000E+0	21.000000E+0	20.889228E+0	30.000000E+0	1.107724E+0
31.900000E+0	21.000000E+0	20.923780E+0	30.000000E+0	762.195122E-3
32.000000E+0	21.000000E+0	20.923780E+0	30.000000E+0	762.195122E-3
32.100000E+0	21.000000E+0	20.871951E+0	30.000000E+0	1.280488E+0
32.200000E+0	21.000000E+0	20.854675E+0	30.000000E+0	1.453252E+0
32.300000E+0	21.000000E+0	20.941057E+0	30.000000E+0	589.430894E-3
32.400000E+0	21.000000E+0	20.889228E+0	30.000000E+0	1.107724E+0
32.500000E+0	21.000000E+0	20.802846E+0	30.000000E+0	1.971545E+0
32.600000E+0	21.000000E+0	20.889228E+0	30.000000E+0	1.107724E+0
32.700000E+0	21.000000E+0	20.889228E+0	30.000000E+0	1.107724E+0
32.800000E+0	21.000000E+0	20.906504E+0	30.000000E+0	934.959350E-3
32.900000E+0	21.000000E+0	20.906504E+0	30.000000E+0	934.959350E-3
33.000000E+0	21.000000E+0	20.837398E+0	30.000000E+0	1.626016E+0
33.100000E+0	21.000000E+0	20.854675E+0	30.000000E+0	1.453252E+0
33.200000E+0	21.000000E+0	20.906504E+0	30.000000E+0	934.959350E-3
33.300000E+0	21.000000E+0	20.906504E+0	30.000000E+0	934.959350E-3
33.400000E+0	21.000000E+0	20.975610E+0	30.000000E+0	243.902439E-3
33.500000E+0	21.000000E+0	20.906504E+0	30.000000E+0	934.959350E-3
33.600000E+0	21.000000E+0	20.958333E+0	30.000000E+0	416.666667E-3
33.700000E+0	21.000000E+0	20.906504E+0	30.000000E+0	934.959350E-3
33.800000E+0	21.000000E+0	20.889228E+0	30.000000E+0	1.107724E+0
33.900000E+0	21.000000E+0	20.958333E+0	30.000000E+0	416.666667E-3
34.000000E+0	21.000000E+0	20.906504E+0	30.000000E+0	934.959350E-3
34.100000E+0	21.000000E+0	20.906504E+0	30.000000E+0	934.959350E-3
34.200000E+0	21.000000E+0	20.975610E+0	30.000000E+0	243.902439E-3
34.300000E+0	21.000000E+0	20.871951E+0	30.000000E+0	1.280488E+0
34.400000E+0	21.000000E+0	20.802846E+0	30.000000E+0	1.971545E+0
34.500000E+0	21.000000E+0	21.010163E+0	30.000000E+0	-101.626016E-3
34.600000E+0	21.000000E+0	20.889228E+0	30.000000E+0	1.107724E+0
34.700000E+0	21.000000E+0	20.854675E+0	30.000000E+0	1.453252E+0
34.800000E+0	21.000000E+0	20.958333E+0	30.000000E+0	416.666667E-3
34.900000E+0	21.000000E+0	20.958333E+0	30.000000E+0	416.666667E-3
35.000000E+0	21.000000E+0	20.906504E+0	30.000000E+0	934.959350E-3
35.100000E+0	21.000000E+0	20.941057E+0	30.000000E+0	589.430894E-3
35.200000E+0	21.000000E+0	20.941057E+0	30.000000E+0	589.430894E-3
35.300000E+0	21.000000E+0	20.906504E+0	30.000000E+0	934.959350E-3
35.400000E+0	21.000000E+0	20.906504E+0	30.000000E+0	934.959350E-3
35.500000E+0	21.000000E+0	20.958333E+0	30.000000E+0	416.666667E-3
35.600000E+0	21.000000E+0	20.906504E+0	30.000000E+0	934.959350E-3
35.700000E+0	21.000000E+0	20.923780E+0	30.000000E+0	762.195122E-3
35.800000E+0	21.000000E+0	20.958333E+0	30.000000E+0	416.666667E-3
35.900000E+0	21.000000E+0	20.923780E+0	30.000000E+0	762.195122E-3
36.000000E+0	21.000000E+0	20.871951E+0	30.000000E+0	1.280488E+0
36.100000E+0	21.000000E+0	21.044715E+0	30.000000E+0	-447.154472E-3
36.200000E+0	21.000000E+0	20.941057E+0	30.000000E+0	589.430894E-3
36.300000E+0	21.000000E+0	20.889228E+0	30.000000E+0	1.107724E+0
36.400000E+0	21.000000E+0	20.975610E+0	30.000000E+0	243.902439E-3
36.500000E+0	21.000000E+0	20.958333E+0	30.000000E+0	416.666667E-3
36.600000E+0	21.000000E+0	20.906504E+0	30.000000E+0	934.959350E-3
36.700000E+0	21.000000E+0	20.975610E+0	30.000000E+0	243.902439E-3
36.800000E+0	21.000000E+0	20.871951E+0	30.000000E+0	1.280488E+0
36.900000E+0	21.000000E+0	20.975610E+0	30.000000E+0	243.902439E-3
37.000000E+0	21.000000E+0	20.923780E+0	30.000000E+0	762.195122E-3
37.100000E+0	21.000000E+0	20.923780E+0	30.000000E+0	762.195122E-3
37.200000E+0	21.000000E+0	20.906504E+0	30.000000E+0	934.959350E-3
37.300000E+0	21.000000E+0	20.906504E+0	30.000000E+0	934.959350E-3
37.400000E+0	21.000000E+0	21.027439E+0	30.000000E+0	-274.390244E-3
37.500000E+0	21.000000E+0	20.906504E+0	30.000000E+0	934.959350E-3
37.600000E+0	21.000000E+0	20.906504E+0	30.000000E+0	934.959350E-3
37.700000E+0	21.000000E+0	20.958333E+0	30.000000E+0	416.666667E-3
37.800000E+0	21.000000E+0	20.992886E+0	30.000000E+0	71.138211E-3
37.900000E+0	21.000000E+0	20.941057E+0	30.000000E+0	589.430894E-3
38.000000E+0	21.000000E+0	20.941057E+0	30.000000E+0	589.430894E-3
38.100000E+0	21.000000E+0	20.975610E+0	30.000000E+0	243.902439E-3
38.200000E+0	21.000000E+0	20.958333E+0	30.000000E+0	416.666667E-3
38.300000E+0	21.000000E+0	20.941057E+0	30.000000E+0	589.430894E-3
38.400000E+0	21.000000E+0	21.044715E+0	30.000000E+0	-447.154472E-3
38.500000E+0	21.000000E+0	20.941057E+0	30.000000E+0	589.430894E-3
38.600000E+0	21.000000E+0	20.923780E+0	30.000000E+0	762.195122E-3
38.700000E+0	21.000000E+0	21.044715E+0	30.000000E+0	-447.154472E-3
38.800000E+0	21.000000E+0	20.992886E+0	30.000000E+0	71.138211E-3
38.900000E+0	21.000000E+0	20.906504E+0	30.000000E+0	934.959350E-3
39.000000E+0	21.000000E+0	21.027439E+0	30.000000E+0	-274.390244E-3
39.100000E+0	21.000000E+0	20.975610E+0	30.000000E+0	243.902439E-3
39.200000E+0	21.000000E+0	20.923780E+0	30.000000E+0	762.195122E-3
39.300000E+0	21.000000E+0	21.044715E+0	30.000000E+0	-447.154472E-3
39.400000E+0	21.000000E+0	20.941057E+0	30.000000E+0	589.430894E-3
39.500000E+0	21.000000E+0	20.958333E+0	30.000000E+0	416.666667E-3
39.600000E+0	21.000000E+0	20.975610E+0	30.000000E+0	243.902439E-3
39.700000E+0	21.000000E+0	20.975610E+0	30.000000E+0	243.902439E-3
39.800000E+0	21.000000E+0	20.992886E+0	30.000000E+0	71.138211E-3
39.900000E+0	21.000000E+0	20.941057E+0	30.000000E+0	589.430894E-3
40.000000E+0	21.000000E+0	21.061992E+0	30.000000E+0	-619.918699E-3
40.100000E+0	21.000000E+0	20.958333E+0	30.000000E+0	416.666667E-3
40.200000E+0	21.000000E+0	20.941057E+0	30.000000E+0	589.430894E-3
40.300000E+0	21.000000E+0	21.061992E+0	30.000000E+0	-619.918699E-3
40.400000E+0	21.000000E+0	21.044715E+0	30.000000E+0	-447.154472E-3
40.500000E+0	21.000000E+0	20.975610E+0	30.000000E+0	243.902439E-3
40.600000E+0	21.000000E+0	20.975610E+0	30.000000E+0	243.902439E-3
40.700000E+0	21.000000E+0	20.992886E+0	30.000000E+0	71.138211E-3
40.800000E+0	21.000000E+0	20.975610E+0	30.000000E+0	243.902439E-3
40.900000E+0	21.000000E+0	20.941057E+0	30.000000E+0	589.430894E-3
41.000000E+0	21.000000E+0	21.027439E+0	30.000000E+0	-274.390244E-3
41.100000E+0	21.000000E+0	20.958333E+0	30.000000E+0	416.666667E-3
41.200000E+0	21.000000E+0	21.061992E+0	30.000000E+0	-619.918699E-3
41.300000E+0	21.000000E+0	20.992886E+0	30.000000E+0	71.138211E-3
41.400000E+0	21.000000E+0	21.044715E+0	30.000000E+0	-447.154472E-3
41.500000E+0	21.000000E+0	20.975610E+0	30.000000E+0	243.902439E-3
41.600000E+0	21.000000E+0	20.958333E+0	30.000000E+0	416.666667E-3
41.700000E+0	21.000000E+0	21.044715E+0	30.000000E+0	-447.154472E-3
41.800000E+0	21.000000E+0	21.010163E+0	30.000000E+0	-101.626016E-3
41.900000E+0	21.000000E+0	21.027439E+0	30.000000E+0	-274.390244E-3
42.000000E+0	21.000000E+0	21.010163E+0	30.000000E+0	-101.626016E-3
42.100000E+0	21.000000E+0	20.992886E+0	30.000000E+0	71.138211E-3
42.200000E+0	21.000000E+0	21.061992E+0	30.000000E+0	-619.918699E-3
42.300000E+0	21.000000E+0	20.975610E+0	30.000000E+0	243.902439E-3
42.400000E+0	21.000000E+0	20.992886E+0	30.000000E+0	71.138211E-3
42.500000E+0	21.000000E+0	21.044715E+0	30.000000E+0	-447.154472E-3
42.600000E+0	21.000000E+0	20.992886E+0	30.000000E+0	-447.154472E-3
42.700000E+0	21.000000E+0	20.992886E+0	30.000000E+0	71.138211E-3
42.800000E+0	21.000000E+0	21.044715E+0	30.000000E+0	71.138211E-3
42.900000E+0	21.000000E+0	21.027439E+0	30.000000E+0	-447.154472E-3
43.000000E+0	21.000000E+0	20.975610E+0	30.000000E+0	-274.390244E-3
43.100000E+0	21.000000E+0	21.027439E+0	30.000000E+0	243.902439E-3
43.200000E+0	21.000000E+0	21.113821E+0	30.000000E+0	-274.390244E-3
43.300000E+0	21.000000E+0	20.992886E+0	30.000000E+0	-1.138211E+0
43.400000E+0	21.000000E+0	20.923780E+0	30.000000E+0	71.138211E-3
43.500000E+0	21.000000E+0	21.113821E+0	30.000000E+0	762.195122E-3
43.600000E+0	21.000000E+0	21.044715E+0	30.000000E+0	-1.138211E+0
43.700000E+0	21.000000E+0	21.027439E+0	30.000000E+0	-447.154472E-3
43.800000E+0	21.000000E+0	21.096545E+0	30.000000E+0	-274.390244E-3
43.900000E+0	21.000000E+0	20.958333E+0	30.000000E+0	-965.447154E-3
44.000000E+0	21.000000E+0	21.061992E+0	30.000000E+0	416.666667E-3
44.100000E+0	21.000000E+0	21.061992E+0	30.000000E+0	-619.918699E-3
44.200000E+0	21.000000E+0	21.010163E+0	30.000000E+0	-619.918699E-3
44.300000E+0	21.000000E+0	21.027439E+0	30.000000E+0	-101.626016E-3
44.400000E+0	21.000000E+0	21.010163E+0	30.000000E+0	-274.390244E-3
44.500000E+0	21.000000E+0	21.113821E+0	30.000000E+0	-101.626016E-3
44.600000E+0	21.000000E+0	20.975610E+0	30.000000E+0	-1.138211E+0
44.700000E+0	21.000000E+0	20.941057E+0	30.000000E+0	243.902439E-3
44.800000E+0	21.000000E+0	21.027439E+0	30.000000E+0	589.430894E-3
44.900000E+0	21.000000E+0	21.061992E+0	30.000000E+0	-274.390244E-3
45.000000E+0	21.000000E+0	21.010163E+0	30.000000E+0	-619.918699E-3
45.100000E+0	21.000000E+0	21.010163E+0	30.000000E+0	-101.626016E-3
45.200000E+0	21.000000E+0	21.027439E+0	30.000000E+0	-101.626016E-3
45.300000E+0	21.000000E+0	21.027439E+0	30.000000E+0	-274.390244E-3
45.400000E+0	21.000000E+0	20.975610E+0	30.000000E+0	-274.390244E-3
45.500000E+0	21.000000E+0	21.044715E+0	30.000000E+0	243.902439E-3
45.600000E+0	21.000000E+0	21.044715E+0	30.000000E+0	-447.154472E-3
45.700000E+0	21.000000E+0	21.061992E+0	30.000000E+0	-447.154472E-3
45.800000E+0	21.000000E+0	21.079268E+0	30.000000E+0	-619.918699E-3
45.900000E+0	21.000000E+0	20.975610E+0	30.000000E+0	-792.682927E-3
46.000000E+0	21.000000E+0	21.027439E+0	30.000000E+0	243.902439E-3
46.100000E+0	21.000000E+0	21.079268E+0	30.000000E+0	-274.390244E-3
46.200000E+0	21.000000E+0	21.044715E+0	30.000000E+0	-792.682927E-3
46.300000E+0	21.000000E+0	20.958333E+0	30.000000E+0	-447.154472E-3
46.400000E+0	21.000000E+0	20.992886E+0	30.000000E+0	416.666667E-3
46.500000E+0	21.000000E+0	21.079268E+0	30.000000E+0	71.138211E-3
46.600000E+0	21.000000E+0	21.027439E+0	30.000000E+0	-792.682927E-3
46.700000E+0	21.000000E+0	21.044715E+0	30.000000E+0	-274.390244E-3
46.800000E+0	21.000000E+0	21.061992E+0	30.000000E+0	-447.154472E-3
46.900000E+0	21.000000E+0	21.044715E+0	30.000000E+0	-619.918699E-3
47.000000E+0	21.000000E+0	21.027439E+0	30.000000E+0	-447.154472E-3
47.100000E+0	21.000000E+0	21.131098E+0	30.000000E+0	-274.390244E-3
47.200000E+0	21.000000E+0	21.027439E+0	30.000000E+0	-1.310976E+0
47.300000E+0	21.000000E+0	20.975610E+0	30.000000E+0	-274.390244E-3
47.400000E+0	21.000000E+0	21.044715E+0	30.000000E+0	243.902439E-3
47.500000E+0	21.000000E+0	21.113821E+0	30.000000E+0	-447.154472E-3
47.600000E+0	21.000000E+0	21.079268E+0	30.000000E+0	-1.138211E+0
47.700000E+0	21.000000E+0	20.992886E+0	30.000000E+0	-792.682927E-3
47.800000E+0	21.000000E+0	21.096545E+0	30.000000E+0	71.138211E-3
47.900000E+0	21.000000E+0	21.148374E+0	30.000000E+0	-965.447154E-3
48.000000E+0	21.000000E+0	21.027439E+0	30.000000E+0	-1.483740E+0
48.100000E+0	21.000000E+0	20.906504E+0	30.000000E+0	-274.390244E-3
48.200000E+0	21.000000E+0	20.941057E+0	30.000000E+0	934.959350E-3
48.300000E+0	21.000000E+0	20.975610E+0	30.000000E+0	589.430894E-3
48.400000E+0	21.000000E+0	20.906504E+0	30.000000E+0	243.902439E-3
48.500000E+0	21.000000E+0	20.854675E+0	30.000000E+0	934.959350E-3
48.600000E+0	21.000000E+0	20.889228E+0	30.000000E+0	1.453252E+0
48.700000E+0	21.000000E+0	20.802846E+0	30.000000E+0	1.107724E+0
48.800000E+0	21.000000E+0	20.716463E+0	30.000000E+0	1.971545E+0
48.900000E+0	21.000000E+0	20.699187E+0	30.000000E+0	2.835366E+0
49.000000E+0	21.000000E+0	20.630081E+0	30.000000E+0	3.008130E+0
49.100000E+0	21.000000E+0	20.647358E+0	30.000000E+0	3.699187E+0
49.200000E+0	21.000000E+0	20.509146E+0	30.000000E+0	3.526423E+0
49.300000E+0	21.000000E+0	20.526423E+0	30.000000E+0	4.908537E+0
49.400000E+0	21.000000E+0	20.457317E+0	30.000000E+0	4.735772E+0
49.500000E+0	21.000000E+0	20.267276E+0	30.000000E+0	5.426829E+0
49.600000E+0	21.000000E+0	20.232724E+0	30.000000E+0	7.327236E+0
49.700000E+0	21.000000E+0	20.163618E+0	30.000000E+0	7.672764E+0
49.800000E+0	21.000000E+0	20.146341E+0	30.000000E+0	8.363821E+0
49.900000E+0	21.000000E+0	20.077236E+0	30.000000E+0	8.536585E+0
50.000000E+0	21.000000E+0	19.973577E+0	30.000000E+0	9.227642E+0
50.100000E+0	21.000000E+0	19.956301E+0	30.000000E+0	10.264228E+0
50.200000E+0	21.000000E+0	19.869919E+0	30.000000E+0	10.436992E+0
50.300000E+0	21.000000E+0	19.800813E+0	30.000000E+0	11.300813E+0
50.400000E+0	21.000000E+0	19.731707E+0	30.000000E+0	11.991870E+0
50.500000E+0	21.000000E+0	19.679878E+0	30.000000E+0	12.682927E+0
50.600000E+0	21.000000E+0	19.662602E+0	30.000000E+0	13.201220E+0
50.700000E+0	21.000000E+0	19.610772E+0	30.000000E+0	13.373984E+0
50.800000E+0	21.000000E+0	19.576220E+0	30.000000E+0	13.892276E+0
50.900000E+0	21.000000E+0	19.524390E+0	30.000000E+0	14.237805E+0
51.000000E+0	21.000000E+0	19.507114E+0	30.000000E+0	14.756098E+0
51.100000E+0	21.000000E+0	19.455285E+0	30.000000E+0	14.928862E+0
51.200000E+0	21.000000E+0	19.420732E+0	30.000000E+0	15.447154E+0
51.300000E+0	21.000000E+0	19.386179E+0	30.000000E+0	15.792683E+0
51.400000E+0	21.000000E+0	19.334350E+0	30.000000E+0	16.138211E+0
51.500000E+0	21.000000E+0	19.334350E+0	30.000000E+0	16.656504E+0
51.600000E+0	21.000000E+0	19.247967E+0	30.000000E+0	16.656504E+0
51.700000E+0	21.000000E+0	19.247967E+0	30.000000E+0	17.520325E+0
51.800000E+0	21.000000E+0	19.230691E+0	30.000000E+0	17.520325E+0
51.900000E+0	21.000000E+0	19.178862E+0	30.000000E+0	17.693089E+0
52.000000E+0	21.000000E+0	19.144309E+0	30.000000E+0	18.211382E+0
52.100000E+0	21.000000E+0	19.144309E+0	30.000000E+0	18.556911E+0
52.200000E+0	21.000000E+0	19.109756E+0	30.000000E+0	18.556911E+0
52.300000E+0	21.000000E+0	19.075203E+0	30.000000E+0	18.902439E+0
52.400000E+0	21.000000E+0	19.040650E+0	30.000000E+0	19.247967E+0
52.500000E+0	21.000000E+0	19.023374E+0	30.000000E+0	19.593496E+0
52.600000E+0	21.000000E+0	18.988821E+0	30.000000E+0	19.766260E+0
52.700000E+0	21.000000E+0	18.919715E+0	30.000000E+0	20.111789E+0
52.800000E+0	21.000000E+0	18.936992E+0	30.000000E+0	20.802846E+0
52.900000E+0	21.000000E+0	18.902439E+0	30.000000E+0	20.630081E+0
53.000000E+0	21.000000E+0	18.885163E+0	30.000000E+0	20.975610E+0
53.100000E+0	21.000000E+0	18.919715E+0	30.000000E+0	21.148374E+0
53.200000E+0	21.000000E+0	18.902439E+0	30.000000E+0	20.802846E+0
53.300000E+0	21.000000E+0	18.867886E+0	30.000000E+0	20.975610E+0
53.400000E+0	21.000000E+0	18.833333E+0	30.000000E+0	21.321138E+0
53.500000E+0	21.000000E+0	18.850610E+0	30.000000E+0	21.666667E+0
53.600000E+0	21.000000E+0	18.798780E+0	30.000000E+0	21.493902E+0
53.700000E+0	21.000000E+0	18.764228E+0	30.000000E+0	22.012195E+0
53.800000E+0	21.000000E+0	18.833333E+0	30.000000E+0	22.357724E+0
53.900000E+0	21.000000E+0	18.798780E+0	30.000000E+0	21.666667E+0
54.000000E+0	21.000000E+0	18.764228E+0	30.000000E+0	22.012195E+0
54.100000E+0	21.000000E+0	18.816057E+0	30.000000E+0	22.357724E+0
54.200000E+0	21.000000E+0	18.677846E+0	30.000000E+0	21.839431E+0
54.300000E+0	21.000000E+0	18.695122E+0	30.000000E+0	23.221545E+0
54.400000E+0	21.000000E+0	18.712398E+0	30.000000E+0	23.048780E+0
54.500000E+0	21.000000E+0	18.712398E+0	30.000000E+0	22.876016E+0
54.600000E+0	21.000000E+0	18.660569E+0	30.000000E+0	22.876016E+0
54.700000E+0	21.000000E+0	18.712398E+0	30.000000E+0	23.394309E+0
54.800000E+0	21.000000E+0	18.677846E+0	30.000000E+0	22.876016E+0
54.900000E+0	21.000000E+0	18.591463E+0	30.000000E+0	23.221545E+0
55.000000E+0	21.000000E+0	18.660569E+0	30.000000E+0	24.085366E+0
55.100000E+0	21.000000E+0	18.695122E+0	30.000000E+0	23.394309E+0
55.200000E+0	21.000000E+0	18.608740E+0	30.000000E+0	23.048780E+0
55.300000E+0	21.000000E+0	18.643293E+0	30.000000E+0	23.912602E+0
55.400000E+0	21.000000E+0	18.591463E+0	30.000000E+0	23.567073E+0
55.500000E+0	21.000000E+0	18.574187E+0	30.000000E+0	24.085366E+0
55.600000E+0	21.000000E+0	18.556911E+0	30.000000E+0	24.258130E+0
55.700000E+0	21.000000E+0	18.591463E+0	30.000000E+0	24.430894E+0
55.800000E+0	21.000000E+0	18.677846E+0	30.000000E+0	24.085366E+0
55.900000E+0	21.000000E+0	18.505081E+0	30.000000E+0	23.221545E+0
56.000000E+0	21.000000E+0	18.556911E+0	30.000000E+0	24.949187E+0
56.100000E+0	21.000000E+0	18.487805E+0	30.000000E+0	24.430894E+0
56.200000E+0	21.000000E+0	18.574187E+0	30.000000E+0	25.121951E+0
56.300000E+0	21.000000E+0	18.556911E+0	30.000000E+0	24.258130E+0
56.400000E+0	21.000000E+0	18.522358E+0	30.000000E+0	24.430894E+0
56.500000E+0	21.000000E+0	18.556911E+0	30.000000E+0	24.776423E+0
56.600000E+0	21.000000E+0	18.522358E+0	30.000000E+0	24.430894E+0
56.700000E+0	21.000000E+0	18.505081E+0	30.000000E+0	24.776423E+0
56.800000E+0	21.000000E+0	18.522358E+0	30.000000E+0	24.949187E+0
56.900000E+0	21.000000E+0	18.522358E+0	30.000000E+0	24.776423E+0
57.000000E+0	21.000000E+0	18.574187E+0	30.000000E+0	24.776423E+0
57.100000E+0	21.000000E+0	18.453252E+0	30.000000E+0	24.258130E+0
57.200000E+0	21.000000E+0	18.453252E+0	30.000000E+0	25.467480E+0
57.300000E+0	21.000000E+0	18.487805E+0	30.000000E+0	25.467480E+0
57.400000E+0	21.000000E+0	18.435976E+0	30.000000E+0	25.121951E+0
57.500000E+0	21.000000E+0	18.418699E+0	30.000000E+0	25.640244E+0
57.600000E+0	21.000000E+0	18.487805E+0	30.000000E+0	25.813008E+0
57.700000E+0	21.000000E+0	18.401423E+0	30.000000E+0	25.121951E+0
57.800000E+0	21.000000E+0	18.470528E+0	30.000000E+0	25.985772E+0
57.900000E+0	21.000000E+0	18.505081E+0	30.000000E+0	25.294715E+0
58.000000E+0	21.000000E+0	18.453252E+0	30.000000E+0	24.949187E+0
58.100000E+0	21.000000E+0	18.366870E+0	30.000000E+0	25.467480E+0
58.200000E+0	21.000000E+0	18.435976E+0	30.000000E+0	26.331301E+0
58.300000E+0	21.000000E+0	18.556911E+0	30.000000E+0	25.640244E+0
58.400000E+0	21.000000E+0	18.556911E+0	30.000000E+0	24.430894E+0
58.500000E+0	21.000000E+0	18.487805E+0	30.000000E+0	24.430894E+0
58.600000E+0	21.000000E+0	18.418699E+0	30.000000E+0	25.121951E+0
58.700000E+0	21.000000E+0	18.539634E+0	30.000000E+0	25.813008E+0
58.800000E+0	21.000000E+0	18.418699E+0	30.000000E+0	24.603659E+0
58.900000E+0	21.000000E+0	18.487805E+0	30.000000E+0	25.813008E+0
59.000000E+0	21.000000E+0	18.418699E+0	30.000000E+0	25.121951E+0
59.100000E+0	21.000000E+0	18.418699E+0	30.000000E+0	25.813008E+0
59.200000E+0	21.000000E+0	18.435976E+0	30.000000E+0	25.813008E+0
59.300000E+0	21.000000E+0	18.418699E+0	30.000000E+0	25.640244E+0
59.400000E+0	21.000000E+0	18.418699E+0	30.000000E+0	25.813008E+0
59.500000E+0	21.000000E+0	18.418699E+0	30.000000E+0	25.813008E+0
59.600000E+0	21.000000E+0	18.315041E+0	30.000000E+0	25.813008E+0
59.700000E+0	21.000000E+0	18.487805E+0	30.000000E+0	26.849593E+0
59.800000E+0	21.000000E+0	18.401423E+0	30.000000E+0	25.121951E+0
59.900000E+0	21.000000E+0	18.332317E+0	30.000000E+0	25.985772E+0
60.000000E+0	21.000000E+0	18.280488E+0	30.000000E+0	26.676829E+0
60.100000E+0	21.000000E+0	18.435976E+0	30.000000E+0	27.195122E+0
60.200000E+0	21.000000E+0	18.435976E+0	30.000000E+0	25.640244E+0
60.300000E+0	21.000000E+0	18.401423E+0	30.000000E+0	25.640244E+0
60.400000E+0	21.000000E+0	18.332317E+0	30.000000E+0	25.985772E+0
60.500000E+0	21.000000E+0	18.418699E+0	30.000000E+0	26.676829E+0
60.600000E+0	21.000000E+0	18.384146E+0	30.000000E+0	25.813008E+0
60.700000E+0	21.000000E+0	18.418699E+0	30.000000E+0	26.158537E+0
60.800000E+0	21.000000E+0	18.384146E+0	30.000000E+0	25.813008E+0
60.900000E+0	21.000000E+0	18.332317E+0	30.000000E+0	26.158537E+0
61.000000E+0	21.000000E+0	18.591463E+0	30.000000E+0	26.676829E+0
61.100000E+0	21.000000E+0	18.505081E+0	30.000000E+0	24.085366E+0
61.200000E+0	21.000000E+0	18.384146E+0	30.000000E+0	24.949187E+0
61.300000E+0	21.000000E+0	18.332317E+0	30.000000E+0	26.158537E+0
61.400000E+0	21.000000E+0	18.366870E+0	30.000000E+0	26.676829E+0
61.500000E+0	21.000000E+0	18.522358E+0	30.000000E+0	26.331301E+0
61.600000E+0	21.000000E+0	18.332317E+0	30.000000E+0	24.776423E+0
61.700000E+0	21.000000E+0	18.401423E+0	30.000000E+0	26.676829E+0
61.800000E+0	21.000000E+0	18.435976E+0	30.000000E+0	25.985772E+0
61.900000E+0	21.000000E+0	18.470528E+0	30.000000E+0	25.640244E+0
62.000000E+0	21.000000E+0	18.435976E+0	30.000000E+0	25.294715E+0
62.100000E+0	21.000000E+0	18.315041E+0	30.000000E+0	25.640244E+0
62.200000E+0	21.000000E+0	18.470528E+0	30.000000E+0	26.849593E+0
62.300000E+0	21.000000E+0	18.418699E+0	30.000000E+0	25.294715E+0
62.400000E+0	21.000000E+0	18.522358E+0	30.000000E+0	25.813008E+0
62.500000E+0	21.000000E+0	18.349593E+0	30.000000E+0	24.776423E+0
62.600000E+0	21.000000E+0	18.315041E+0	30.000000E+0	26.504065E+0
62.700000E+0	21.000000E+0	18.556911E+0	30.000000E+0	26.849593E+0
62.800000E+0	21.000000E+0	18.384146E+0	30.000000E+0	24.430894E+0
62.900000E+0	21.000000E+0	18.332317E+0	30.000000E+0	26.158537E+0
63.000000E+0	21.000000E+0	18.315041E+0	30.000000E+0	26.676829E+0
63.100000E+0	21.000000E+0	18.418699E+0	30.000000E+0	26.849593E+0
63.200000E+0	21.000000E+0	18.435976E+0	30.000000E+0	25.813008E+0
63.300000E+0	21.000000E+0	18.349593E+0	30.000000E+0	25.640244E+0
63.400000E+0	21.000000E+0	18.349593E+0	30.000000E+0	26.504065E+0
63.500000E+0	21.000000E+0	18.349593E+0	30.000000E+0	26.504065E+0
63.600000E+0	21.000000E+0	18.384146E+0	30.000000E+0	26.504065E+0
63.700000E+0	21.000000E+0	18.401423E+0	30.000000E+0	26.158537E+0
63.800000E+0	21.000000E+0	18.401423E+0	30.000000E+0	25.985772E+0
63.900000E+0	21.000000E+0	18.418699E+0	30.000000E+0	25.985772E+0
64.000000E+0	21.000000E+0	18.418699E+0	30.000000E+0	25.813008E+0
64.100000E+0	21.000000E+0	18.435976E+0	30.000000E+0	25.813008E+0
64.200000E+0	21.000000E+0	18.487805E+0	30.000000E+0	25.640244E+0
64.300000E+0	21.000000E+0	18.280488E+0	30.000000E+0	25.121951E+0
64.400000E+0	21.000000E+0	18.401423E+0	30.000000E+0	27.195122E+0
64.500000E+0	21.000000E+0	18.401423E+0	30.000000E+0	25.985772E+0
64.600000E+0	21.000000E+0	18.366870E+0	30.000000E+0	25.985772E+0
64.700000E+0	21.000000E+0	18.315041E+0	30.000000E+0	26.331301E+0
64.800000E+0	21.000000E+0	18.315041E+0	30.000000E+0	26.849593E+0
64.900000E+0	21.000000E+0	18.332317E+0	30.000000E+0	26.849593E+0
65.000000E+0	21.000000E+0	18.418699E+0	30.000000E+0	26.676829E+0
65.100000E+0	21.000000E+0	18.384146E+0	30.000000E+0	25.813008E+0
65.200000E+0	21.000000E+0	18.366870E+0	30.000000E+0	26.158537E+0
65.300000E+0	21.000000E+0	18.349593E+0	30.000000E+0	26.331301E+0
65.400000E+0	21.000000E+0	18.453252E+0	30.000000E+0	26.504065E+0
65.500000E+0	21.000000E+0	18.418699E+0	30.000000E+0	25.467480E+0
65.600000E+0	21.000000E+0	18.418699E+0	30.000000E+0	25.813008E+0
65.700000E+0	21.000000E+0	18.384146E+0	30.000000E+0	25.813008E+0
65.800000E+0	21.000000E+0	18.401423E+0	30.000000E+0	26.158537E+0
65.900000E+0	21.000000E+0	18.453252E+0	30.000000E+0	25.985772E+0
66.000000E+0	21.000000E+0	18.435976E+0	30.000000E+0	25.467480E+0
66.100000E+0	21.000000E+0	18.384146E+0	30.000000E+0	25.640244E+0
66.200000E+0	21.000000E+0	18.418699E+0	30.000000E+0	26.158537E+0
66.300000E+0	21.000000E+0	18.418699E+0	30.000000E+0	25.813008E+0
66.400000E+0	21.000000E+0	18.401423E+0	30.000000E+0	25.813008E+0
66.500000E+0	21.000000E+0	18.366870E+0	30.000000E+0	25.985772E+0
66.600000E+0	21.000000E+0	18.315041E+0	30.000000E+0	26.331301E+0
66.700000E+0	21.000000E+0	18.366870E+0	30.000000E+0	26.849593E+0
66.800000E+0	21.000000E+0	18.418699E+0	30.000000E+0	26.331301E+0
66.900000E+0	21.000000E+0	18.349593E+0	30.000000E+0	25.813008E+0
67.000000E+0	21.000000E+0	18.280488E+0	30.000000E+0	26.504065E+0
67.100000E+0	21.000000E+0	18.384146E+0	30.000000E+0	27.195122E+0
67.200000E+0	21.000000E+0	18.418699E+0	30.000000E+0	26.158537E+0
67.300000E+0	21.000000E+0	18.453252E+0	30.000000E+0	25.813008E+0
67.400000E+0	21.000000E+0	18.418699E+0	30.000000E+0	25.467480E+0
67.500000E+0	21.000000E+0	18.263211E+0	30.000000E+0	25.813008E+0
67.600000E+0	21.000000E+0	18.556911E+0	30.000000E+0	27.367886E+0
67.700000E+0	21.000000E+0	18.349593E+0	30.000000E+0	24.430894E+0
67.800000E+0	21.000000E+0	18.366870E+0	30.000000E+0	26.504065E+0
67.900000E+0	21.000000E+0	18.263211E+0	30.000000E+0	26.331301E+0
68.000000E+0	21.000000E+0	18.487805E+0	30.000000E+0	27.367886E+0
68.100000E+0	21.000000E+0	18.384146E+0	30.000000E+0	25.121951E+0
68.200000E+0	21.000000E+0	18.401423E+0	30.000000E+0	26.158537E+0
68.300000E+0	21.000000E+0	18.418699E+0	30.000000E+0	25.985772E+0
68.400000E+0	21.000000E+0	18.366870E+0	30.000000E+0	25.813008E+0
68.500000E+0	21.000000E+0	18.401423E+0	30.000000E+0	26.331301E+0
68.600000E+0	21.000000E+0	18.384146E+0	30.000000E+0	25.985772E+0
68.700000E+0	21.000000E+0	18.418699E+0	30.000000E+0	26.158537E+0
68.800000E+0	21.000000E+0	18.366870E+0	30.000000E+0	25.813008E+0
68.900000E+0	21.000000E+0	18.435976E+0	30.000000E+0	26.331301E+0
69.000000E+0	21.000000E+0	18.384146E+0	30.000000E+0	25.640244E+0
69.100000E+0	21.000000E+0	18.332317E+0	30.000000E+0	26.158537E+0
69.200000E+0	21.000000E+0	18.349593E+0	30.000000E+0	26.676829E+0
69.300000E+0	21.000000E+0	18.453252E+0	30.000000E+0	26.504065E+0
69.400000E+0	21.000000E+0	18.487805E+0	30.000000E+0	25.467480E+0
69.500000E+0	21.000000E+0	18.349593E+0	30.000000E+0	25.121951E+0
69.600000E+0	21.000000E+0	18.418699E+0	30.000000E+0	26.504065E+0
69.700000E+0	21.000000E+0	18.435976E+0	30.000000E+0	25.813008E+0
69.800000E+0	21.000000E+0	18.349593E+0	30.000000E+0	25.640244E+0
69.900000E+0	21.000000E+0	18.384146E+0	30.000000E+0	26.504065E+0
70.000000E+0	21.000000E+0	18.349593E+0	30.000000E+0	26.158537E+0
70.100000E+0	21.000000E+0	18.349593E+0	30.000000E+0	26.504065E+0
70.200000E+0	21.000000E+0	18.297764E+0	30.000000E+0	26.504065E+0
70.300000E+0	21.000000E+0	18.435976E+0	30.000000E+0	27.022358E+0
70.400000E+0	21.000000E+0	18.280488E+0	30.000000E+0	25.640244E+0
70.500000E+0	21.000000E+0	18.245935E+0	30.000000E+0	27.195122E+0
70.600000E+0	21.000000E+0	18.401423E+0	30.000000E+0	27.540650E+0
70.700000E+0	21.000000E+0	18.418699E+0	30.000000E+0	25.985772E+0
70.800000E+0	21.000000E+0	18.366870E+0	30.000000E+0	25.813008E+0
70.900000E+0	21.000000E+0	18.418699E+0	30.000000E+0	26.331301E+0
71.000000E+0	21.000000E+0	18.505081E+0	30.000000E+0	25.813008E+0
71.100000E+0	21.000000E+0	18.315041E+0	30.000000E+0	24.949187E+0
71.200000E+0	21.000000E+0	18.366870E+0	30.000000E+0	26.849593E+0
71.300000E+0	21.000000E+0	18.332317E+0	30.000000E+0	26.331301E+0
71.400000E+0	21.000000E+0	18.418699E+0	30.000000E+0	26.676829E+0
71.500000E+0	21.000000E+0	18.470528E+0	30.000000E+0	25.813008E+0
71.600000E+0	21.000000E+0	18.435976E+0	30.000000E+0	25.294715E+0
71.700000E+0	21.000000E+0	18.349593E+0	30.000000E+0	25.640244E+0
71.800000E+0	21.000000E+0	18.366870E+0	30.000000E+0	26.504065E+0
71.900000E+0	21.000000E+0	18.522358E+0	30.000000E+0	26.331301E+0
72.000000E+0	21.000000E+0	18.384146E+0	30.000000E+0	24.776423E+0
72.100000E+0	21.000000E+0	18.384146E+0	30.000000E+0	26.158537E+0
72.200000E+0	21.000000E+0	18.366870E+0	30.000000E+0	26.158537E+0
72.300000E+0	21.000000E+0	18.401423E+0	30.000000E+0	26.331301E+0
72.400000E+0	21.000000E+0	18.418699E+0	30.000000E+0	25.985772E+0
72.500000E+0	21.000000E+0	18.418699E+0	30.000000E+0	25.813008E+0
72.600000E+0	21.000000E+0	18.418699E+0	30.000000E+0	25.813008E+0
72.700000E+0	21.000000E+0	18.332317E+0	30.000000E+0	25.813008E+0
72.800000E+0	21.000000E+0	18.487805E+0	30.000000E+0	26.676829E+0
72.900000E+0	21.000000E+0	18.332317E+0	30.000000E+0	25.121951E+0
73.000000E+0	21.000000E+0	18.349593E+0	30.000000E+0	26.676829E+0
73.100000E+0	21.000000E+0	18.366870E+0	30.000000E+0	26.504065E+0
73.200000E+0	21.000000E+0	18.349593E+0	30.000000E+0	26.331301E+0
73.300000E+0	21.000000E+0	18.470528E+0	30.000000E+0	26.504065E+0
73.400000E+0	21.000000E+0	18.418699E+0	30.000000E+0	25.294715E+0
73.500000E+0	21.000000E+0	18.418699E+0	30.000000E+0	25.813008E+0
73.600000E+0	21.000000E+0	18.401423E+0	30.000000E+0	25.813008E+0
73.700000E+0	21.000000E+0	18.453252E+0	30.000000E+0	25.985772E+0
73.800000E+0	21.000000E+0	18.332317E+0	30.000000E+0	25.467480E+0
73.900000E+0	21.000000E+0	18.418699E+0	30.000000E+0	26.676829E+0
74.000000E+0	21.000000E+0	18.418699E+0	30.000000E+0	25.813008E+0
74.100000E+0	21.000000E+0	18.384146E+0	30.000000E+0	25.813008E+0
74.200000E+0	21.000000E+0	18.349593E+0	30.000000E+0	26.158537E+0
74.300000E+0	21.000000E+0	18.315041E+0	30.000000E+0	26.504065E+0
74.400000E+0	21.000000E+0	18.366870E+0	30.000000E+0	26.849593E+0
74.500000E+0	21.000000E+0	18.418699E+0	30.000000E+0	26.331301E+0
74.600000E+0	21.000000E+0	18.487805E+0	30.000000E+0	25.813008E+0
74.700000E+0	21.000000E+0	18.297764E+0	30.000000E+0	25.121951E+0
74.800000E+0	21.000000E+0	18.280488E+0	30.000000E+0	27.022358E+0
74.900000E+0	21.000000E+0	18.418699E+0	30.000000E+0	27.195122E+0
75.000000E+0	21.000000E+0	18.384146E+0	30.000000E+0	25.813008E+0
75.100000E+0	21.000000E+0	18.505081E+0	30.000000E+0	26.158537E+0
75.200000E+0	21.000000E+0	18.384146E+0	30.000000E+0	24.949187E+0
75.300000E+0	21.000000E+0	18.366870E+0	30.000000E+0	26.158537E+0
75.400000E+0	21.000000E+0	18.401423E+0	30.000000E+0	26.331301E+0
75.500000E+0	21.000000E+0	18.349593E+0	30.000000E+0	25.985772E+0
75.600000E+0	21.000000E+0	18.366870E+0	30.000000E+0	26.504065E+0
75.700000E+0	21.000000E+0	18.384146E+0	30.000000E+0	26.331301E+0
75.800000E+0	21.000000E+0	18.401423E+0	30.000000E+0	26.158537E+0
75.900000E+0	21.000000E+0	18.470528E+0	30.000000E+0	25.985772E+0
76.000000E+0	21.000000E+0	18.401423E+0	30.000000E+0	25.294715E+0
76.100000E+0	21.000000E+0	18.366870E+0	30.000000E+0	25.985772E+0
76.200000E+0	21.000000E+0	18.401423E+0	30.000000E+0	26.331301E+0
76.300000E+0	21.000000E+0	18.366870E+0	30.000000E+0	25.985772E+0
76.400000E+0	21.000000E+0	18.418699E+0	30.000000E+0	26.331301E+0
76.500000E+0	21.000000E+0	18.315041E+0	30.000000E+0	25.813008E+0
76.600000E+0	21.000000E+0	18.418699E+0	30.000000E+0	26.849593E+0
76.700000E+0	21.000000E+0	18.435976E+0	30.000000E+0	25.813008E+0
76.800000E+0	21.000000E+0	18.418699E+0	30.000000E+0	25.640244E+0
76.900000E+0	21.000000E+0	18.418699E+0	30.000000E+0	25.813008E+0
77.000000E+0	21.000000E+0	18.384146E+0	30.000000E+0	25.813008E+0
77.100000E+0	21.000000E+0	18.487805E+0	30.000000E+0	26.158537E+0
77.200000E+0	21.000000E+0	18.418699E+0	30.000000E+0	25.121951E+0
77.300000E+0	21.000000E+0	18.315041E+0	30.000000E+0	25.813008E+0
77.400000E+0	21.000000E+0	18.280488E+0	30.000000E+0	26.849593E+0
77.500000E+0	21.000000E+0	18.418699E+0	30.000000E+0	27.195122E+0
77.600000E+0	21.000000E+0	18.487805E+0	30.000000E+0	25.813008E+0
77.700000E+0	21.000000E+0	18.401423E+0	30.000000E+0	25.121951E+0
77.800000E+0	21.000000E+0	18.349593E+0	30.000000E+0	25.985772E+0
77.900000E+0	21.000000E+0	18.176829E+0	30.000000E+0	26.504065E+0
78.000000E+0	21.000000E+0	18.280488E+0	30.000000E+0	28.231707E+0
78.100000E+0	21.000000E+0	18.470528E+0	30.000000E+0	27.195122E+0
78.200000E+0	21.000000E+0	18.453252E+0	30.000000E+0	25.294715E+0
78.300000E+0	21.000000E+0	18.401423E+0	30.000000E+0	25.467480E+0
78.400000E+0	21.000000E+0	18.418699E+0	30.000000E+0	25.985772E+0
78.500000E+0	21.000000E+0	18.384146E+0	30.000000E+0	25.813008E+0
78.600000E+0	21.000000E+0	18.366870E+0	30.000000E+0	26.158537E+0
78.700000E+0	21.000000E+0	18.280488E+0	30.000000E+0	26.331301E+0
78.800000E+0	21.000000E+0	18.453252E+0	30.000000E+0	27.195122E+0
78.900000E+0	21.000000E+0	18.487805E+0	30.000000E+0	25.467480E+0
79.000000E+0	21.000000E+0	18.556911E+0	30.000000E+0	25.121951E+0
79.100000E+0	21.000000E+0	18.401423E+0	30.000000E+0	24.430894E+0
79.200000E+0	21.000000E+0	18.505081E+0	30.000000E+0	25.985772E+0
79.300000E+0	21.000000E+0	18.660569E+0	30.000000E+0	24.949187E+0
79.400000E+0	21.000000E+0	18.660569E+0	30.000000E+0	23.394309E+0
79.500000E+0	21.000000E+0	18.764228E+0	30.000000E+0	23.394309E+0
79.600000E+0	21.000000E+0	18.816057E+0	30.000000E+0	22.357724E+0
79.700000E+0	21.000000E+0	18.936992E+0	30.000000E+0	21.839431E+0
79.800000E+0	21.000000E+0	18.971545E+0	30.000000E+0	20.630081E+0
79.900000E+0	21.000000E+0	19.092480E+0	30.000000E+0	20.284553E+0
80.000000E+0	21.000000E+0	19.057927E+0	30.000000E+0	19.075203E+0
80.100000E+0	21.000000E+0	19.109756E+0	30.000000E+0	19.420732E+0
80.200000E+0	21.000000E+0	19.178862E+0	30.000000E+0	18.902439E+0
80.300000E+0	21.000000E+0	19.247967E+0	30.000000E+0	18.211382E+0
80.400000E+0	21.000000E+0	19.386179E+0	30.000000E+0	17.520325E+0
80.500000E+0	21.000000E+0	19.386179E+0	30.000000E+0	16.138211E+0
80.600000E+0	21.000000E+0	19.420732E+0	30.000000E+0	16.138211E+0
80.700000E+0	21.000000E+0	19.524390E+0	30.000000E+0	15.792683E+0
80.800000E+0	21.000000E+0	19.558943E+0	30.000000E+0	14.756098E+0
80.900000E+0	21.000000E+0	19.645325E+0	30.000000E+0	14.410569E+0
81.000000E+0	21.000000E+0	19.645325E+0	30.000000E+0	13.546748E+0
81.100000E+0	21.000000E+0	19.679878E+0	30.000000E+0	13.546748E+0
81.200000E+0	21.000000E+0	19.783537E+0	30.000000E+0	13.201220E+0
81.300000E+0	21.000000E+0	19.800813E+0	30.000000E+0	12.164634E+0
81.400000E+0	21.000000E+0	19.835366E+0	30.000000E+0	11.991870E+0
81.500000E+0	21.000000E+0	19.869919E+0	30.000000E+0	11.646341E+0
81.600000E+0	21.000000E+0	19.904472E+0	30.000000E+0	11.300813E+0
81.700000E+0	21.000000E+0	19.956301E+0	30.000000E+0	10.955285E+0
81.800000E+0	21.000000E+0	19.973577E+0	30.000000E+0	10.436992E+0
81.900000E+0	21.000000E+0	20.008130E+0	30.000000E+0	10.264228E+0
82.000000E+0	21.000000E+0	20.025407E+0	30.000000E+0	9.918699E+0
82.100000E+0	21.000000E+0	20.059959E+0	30.000000E+0	9.745935E+0
82.200000E+0	21.000000E+0	20.094512E+0	30.000000E+0	9.400407E+0
82.300000E+0	21.000000E+0	20.094512E+0	30.000000E+0	9.054878E+0
82.400000E+0	21.000000E+0	20.111789E+0	30.000000E+0	9.054878E+0
82.500000E+0	21.000000E+0	20.146341E+0	30.000000E+0	8.882114E+0
82.600000E+0	21.000000E+0	20.232724E+0	30.000000E+0	8.536585E+0
82.700000E+0	21.000000E+0	20.232724E+0	30.000000E+0	7.672764E+0
82.800000E+0	21.000000E+0	20.267276E+0	30.000000E+0	7.672764E+0
82.900000E+0	21.000000E+0	20.336382E+0	30.000000E+0	7.327236E+0
83.000000E+0	21.000000E+0	20.284553E+0	30.000000E+0	6.636179E+0
83.100000E+0	21.000000E+0	20.319106E+0	30.000000E+0	7.154472E+0
83.200000E+0	21.000000E+0	20.353659E+0	30.000000E+0	6.808943E+0
83.300000E+0	21.000000E+0	20.405488E+0	30.000000E+0	6.463415E+0
83.400000E+0	21.000000E+0	20.370935E+0	30.000000E+0	5.945122E+0
83.500000E+0	21.000000E+0	20.422764E+0	30.000000E+0	6.290650E+0
83.600000E+0	21.000000E+0	20.422764E+0	30.000000E+0	5.772358E+0
83.700000E+0	21.000000E+0	20.405488E+0	30.000000E+0	5.772358E+0
83.800000E+0	21.000000E+0	20.491870E+0	30.000000E+0	5.945122E+0
83.900000E+0	21.000000E+0	20.491870E+0	30.000000E+0	5.081301E+0
84.000000E+0	21.000000E+0	20.491870E+0	30.000000E+0	5.081301E+0
84.100000E+0	21.000000E+0	20.526423E+0	30.000000E+0	5.081301E+0
84.200000E+0	21.000000E+0	20.560976E+0	30.000000E+0	4.735772E+0
84.300000E+0	21.000000E+0	20.578252E+0	30.000000E+0	4.390244E+0
84.400000E+0	21.000000E+0	20.595528E+0	30.000000E+0	4.217480E+0
84.500000E+0	21.000000E+0	20.647358E+0	30.000000E+0	4.044715E+0
84.600000E+0	21.000000E+0	20.612805E+0	30.000000E+0	3.526423E+0
84.700000E+0	21.000000E+0	20.612805E+0	30.000000E+0	3.871951E+0
84.800000E+0	21.000000E+0	20.612805E+0	30.000000E+0	3.871951E+0
84.900000E+0	21.000000E+0	20.630081E+0	30.000000E+0	3.871951E+0
85.000000E+0	21.000000E+0	20.612805E+0	30.000000E+0	3.699187E+0
85.100000E+0	21.000000E+0	20.630081E+0	30.000000E+0	3.871951E+0
85.200000E+0	21.000000E+0	20.630081E+0	30.000000E+0	3.699187E+0
85.300000E+0	21.000000E+0	20.664634E+0	30.000000E+0	3.699187E+0
85.400000E+0	21.000000E+0	20.681911E+0	30.000000E+0	3.353659E+0
85.500000E+0	21.000000E+0	20.699187E+0	30.000000E+0	3.180894E+0
85.600000E+0	21.000000E+0	20.699187E+0	30.000000E+0	3.008130E+0
85.700000E+0	21.000000E+0	20.681911E+0	30.000000E+0	3.008130E+0
85.800000E+0	21.000000E+0	20.716463E+0	30.000000E+0	3.180894E+0
85.900000E+0	21.000000E+0	20.716463E+0	30.000000E+0	2.835366E+0
86.000000E+0	21.000000E+0	20.681911E+0	30.000000E+0	2.835366E+0
86.100000E+0	21.000000E+0	20.768293E+0	30.000000E+0	3.180894E+0
86.200000E+0	21.000000E+0	20.699187E+0	30.000000E+0	2.317073E+0
86.300000E+0	21.000000E+0	20.733740E+0	30.000000E+0	3.008130E+0
86.400000E+0	21.000000E+0	20.733740E+0	30.000000E+0	2.662602E+0
86.500000E+0	21.000000E+0	20.716463E+0	30.000000E+0	2.662602E+0
86.600000E+0	21.000000E+0	20.716463E+0	30.000000E+0	2.835366E+0
86.700000E+0	21.000000E+0	20.716463E+0	30.000000E+0	2.835366E+0
86.800000E+0	21.000000E+0	20.751016E+0	30.000000E+0	2.835366E+0
86.900000E+0	21.000000E+0	20.699187E+0	30.000000E+0	2.489837E+0
87.000000E+0	21.000000E+0	20.785569E+0	30.000000E+0	3.008130E+0
87.100000E+0	21.000000E+0	20.733740E+0	30.000000E+0	2.144309E+0
87.200000E+0	21.000000E+0	20.733740E+0	30.000000E+0	2.662602E+0
87.300000E+0	21.000000E+0	20.785569E+0	30.000000E+0	2.662602E+0
87.400000E+0	21.000000E+0	20.768293E+0	30.000000E+0	2.144309E+0
87.500000E+0	21.000000E+0	20.733740E+0	30.000000E+0	2.317073E+0
87.600000E+0	21.000000E+0	20.751016E+0	30.000000E+0	2.662602E+0
87.700000E+0	21.000000E+0	20.768293E+0	30.000000E+0	2.489837E+0
87.800000E+0	21.000000E+0	20.751016E+0	30.000000E+0	2.317073E+0
87.900000E+0	21.000000E+0	20.733740E+0	30.000000E+0	2.489837E+0
88.000000E+0	21.000000E+0	20.751016E+0	30.000000E+0	2.662602E+0
88.100000E+0	21.000000E+0	20.768293E+0	30.000000E+0	2.489837E+0
88.200000E+0	21.000000E+0	20.733740E+0	30.000000E+0	2.317073E+0
88.300000E+0	21.000000E+0	20.785569E+0	30.000000E+0	2.662602E+0
88.400000E+0	21.000000E+0	20.768293E+0	30.000000E+0	2.144309E+0
88.500000E+0	21.000000E+0	20.768293E+0	30.000000E+0	2.317073E+0
88.600000E+0	21.000000E+0	20.785569E+0	30.000000E+0	2.317073E+0
88.700000E+0	21.000000E+0	20.733740E+0	30.000000E+0	2.144309E+0
88.800000E+0	21.000000E+0	20.768293E+0	30.000000E+0	2.662602E+0
88.900000E+0	21.000000E+0	20.768293E+0	30.000000E+0	2.317073E+0
89.000000E+0	21.000000E+0	20.785569E+0	30.000000E+0	2.317073E+0
89.100000E+0	21.000000E+0	20.768293E+0	30.000000E+0	2.144309E+0
89.200000E+0	21.000000E+0	20.768293E+0	30.000000E+0	2.317073E+0
89.300000E+0	21.000000E+0	20.785569E+0	30.000000E+0	2.317073E+0
89.400000E+0	21.000000E+0	20.768293E+0	30.000000E+0	2.144309E+0
89.500000E+0	21.000000E+0	20.751016E+0	30.000000E+0	2.317073E+0
89.600000E+0	21.000000E+0	20.785569E+0	30.000000E+0	2.489837E+0
89.700000E+0	21.000000E+0	20.802846E+0	30.000000E+0	2.144309E+0
89.800000E+0	21.000000E+0	20.768293E+0	30.000000E+0	1.971545E+0
89.900000E+0	21.000000E+0	20.768293E+0	30.000000E+0	2.317073E+0
90.000000E+0	21.000000E+0	20.768293E+0	30.000000E+0	2.317073E+0
90.100000E+0	21.000000E+0	20.785569E+0	30.000000E+0	2.317073E+0
90.200000E+0	21.000000E+0	20.802846E+0	30.000000E+0	2.144309E+0
90.300000E+0	21.000000E+0	20.785569E+0	30.000000E+0	1.971545E+0
90.400000E+0	21.000000E+0	20.768293E+0	30.000000E+0	2.144309E+0
90.500000E+0	21.000000E+0	20.785569E+0	30.000000E+0	2.317073E+0
90.600000E+0	21.000000E+0	20.837398E+0	30.000000E+0	2.144309E+0
90.700000E+0	21.000000E+0	20.802846E+0	30.000000E+0	1.626016E+0
90.800000E+0	21.000000E+0	20.751016E+0	30.000000E+0	1.971545E+0
90.900000E+0	21.000000E+0	20.889228E+0	30.000000E+0	2.489837E+0
91.000000E+0	21.000000E+0	20.785569E+0	30.000000E+0	1.107724E+0
91.100000E+0	21.000000E+0	20.785569E+0	30.000000E+0	2.144309E+0
91.200000E+0	21.000000E+0	20.820122E+0	30.000000E+0	2.144309E+0
91.300000E+0	21.000000E+0	20.820122E+0	30.000000E+0	1.798780E+0
91.400000E+0	21.000000E+0	20.768293E+0	30.000000E+0	1.798780E+0
91.500000E+0	21.000000E+0	20.785569E+0	30.000000E+0	2.317073E+0
91.600000E+0	21.000000E+0	20.854675E+0	30.000000E+0	2.144309E+0
91.700000E+0	21.000000E+0	20.785569E+0	30.000000E+0	1.453252E+0
91.800000E+0	21.000000E+0	20.837398E+0	30.000000E+0	2.144309E+0
91.900000E+0	21.000000E+0	20.785569E+0	30.000000E+0	1.626016E+0
92.000000E+0	21.000000E+0	20.820122E+0	30.000000E+0	2.144309E+0
92.100000E+0	21.000000E+0	20.802846E+0	30.000000E+0	1.798780E+0
92.200000E+0	21.000000E+0	20.837398E+0	30.000000E+0	1.971545E+0
92.300000E+0	21.000000E+0	20.837398E+0	30.000000E+0	1.626016E+0
92.400000E+0	21.000000E+0	20.785569E+0	30.000000E+0	1.626016E+0
92.500000E+0	21.000000E+0	20.906504E+0	30.000000E+0	2.144309E+0
92.600000E+0	21.000000E+0	20.802846E+0	30.000000E+0	934.959350E-3
92.700000E+0	21.000000E+0	20.837398E+0	30.000000E+0	1.971545E+0
92.800000E+0	21.000000E+0	20.906504E+0	30.000000E+0	1.626016E+0
92.900000E+0	21.000000E+0	20.837398E+0	30.000000E+0	934.959350E-3
93.000000E+0	21.000000E+0	20.837398E+0	30.000000E+0	1.626016E+0
93.100000E+0	21.000000E+0	20.854675E+0	30.000000E+0	1.626016E+0
93.200000E+0	21.000000E+0	20.941057E+0	30.000000E+0	1.453252E+0
93.300000E+0	21.000000E+0	20.785569E+0	30.000000E+0	589.430894E-3
93.400000E+0	21.000000E+0	20.854675E+0	30.000000E+0	2.144309E+0
93.500000E+0	21.000000E+0	20.975610E+0	30.000000E+0	1.453252E+0
93.600000E+0	21.000000E+0	20.802846E+0	30.000000E+0	243.902439E-3
93.700000E+0	21.000000E+0	20.854675E+0	30.000000E+0	1.971545E+0
93.800000E+0	21.000000E+0	20.889228E+0	30.000000E+0	1.453252E+0
93.900000E+0	21.000000E+0	20.889228E+0	30.000000E+0	1.107724E+0
94.000000E+0	21.000000E+0	20.820122E+0	30.000000E+0	1.107724E+0
94.100000E+0	21.000000E+0	20.871951E+0	30.000000E+0	1.798780E+0
94.200000E+0	21.000000E+0	20.975610E+0	30.000000E+0	1.280488E+0
94.300000E+0	21.000000E+0	20.871951E+0	30.000000E+0	243.902439E-3
94.400000E+0	21.000000E+0	20.871951E+0	30.000000E+0	1.280488E+0
94.500000E+0	21.000000E+0	20.975610E+0	30.000000E+0	1.280488E+0
94.600000E+0	21.000000E+0	20.820122E+0	30.000000E+0	243.902439E-3
94.700000E+0	21.000000E+0	20.941057E+0	30.000000E+0	1.798780E+0
94.800000E+0	21.000000E+0	20.906504E+0	30.000000E+0	589.430894E-3
94.900000E+0	21.000000E+0	20.889228E+0	30.000000E+0	934.959350E-3
95.000000E+0	21.000000E+0	20.923780E+0	30.000000E+0	1.107724E+0
95.100000E+0	21.000000E+0	20.802846E+0	30.000000E+0	762.195122E-3
95.200000E+0	21.000000E+0	20.992886E+0	30.000000E+0	1.971545E+0
95.300000E+0	21.000000E+0	20.871951E+0	30.000000E+0	71.138211E-3
95.400000E+0	21.000000E+0	20.906504E+0	30.000000E+0	1.280488E+0
95.500000E+0	21.000000E+0	20.906504E+0	30.000000E+0	934.959350E-3
95.600000E+0	21.000000E+0	20.889228E+0	30.000000E+0	934.959350E-3
95.700000E+0	21.000000E+0	20.906504E+0	30.000000E+0	1.107724E+0
95.800000E+0	21.000000E+0	20.906504E+0	30.000000E+0	934.959350E-3
95.900000E+0	21.000000E+0	20.923780E+0	30.000000E+0	934.959350E-3
96.000000E+0	21.000000E+0	20.871951E+0	30.000000E+0	762.195122E-3
96.100000E+0	21.000000E+0	20.906504E+0	30.000000E+0	1.280488E+0
96.200000E+0	21.000000E+0	20.975610E+0	30.000000E+0	934.959350E-3
96.300000E+0	21.000000E+0	20.906504E+0	30.000000E+0	243.902439E-3
96.400000E+0	21.000000E+0	20.923780E+0	30.000000E+0	934.959350E-3
96.500000E+0	21.000000E+0	20.871951E+0	30.000000E+0	762.195122E-3
96.600000E+0	21.000000E+0	20.906504E+0	30.000000E+0	1.280488E+0
96.700000E+0	21.000000E+0	20.906504E+0	30.000000E+0	934.959350E-3
96.800000E+0	21.000000E+0	20.906504E+0	30.000000E+0	934.959350E-3
96.900000E+0	21.000000E+0	20.906504E+0	30.000000E+0	934.959350E-3
97.000000E+0	21.000000E+0	21.010163E+0	30.000000E+0	934.959350E-3
97.100000E+0	21.000000E+0	20.941057E+0	30.000000E+0	-101.626016E-3
97.200000E+0	21.000000E+0	20.906504E+0	30.000000E+0	589.430894E-3
97.300000E+0	21.000000E+0	20.871951E+0	30.000000E+0	934.959350E-3
97.400000E+0	21.000000E+0	20.975610E+0	30.000000E+0	1.280488E+0
97.500000E+0	21.000000E+0	20.906504E+0	30.000000E+0	243.902439E-3
97.600000E+0	21.000000E+0	20.854675E+0	30.000000E+0	934.959350E-3
97.700000E+0	21.000000E+0	20.854675E+0	30.000000E+0	1.453252E+0
97.800000E+0	21.000000E+0	20.923780E+0	30.000000E+0	1.453252E+0
97.900000E+0	21.000000E+0	20.941057E+0	30.000000E+0	762.195122E-3
98.000000E+0	21.000000E+0	20.923780E+0	30.000000E+0	589.430894E-3
98.100000E+0	21.000000E+0	21.027439E+0	30.000000E+0	762.195122E-3
98.200000E+0	21.000000E+0	20.941057E+0	30.000000E+0	-274.390244E-3
98.300000E+0	21.000000E+0	20.906504E+0	30.000000E+0	589.430894E-3
98.400000E+0	21.000000E+0	20.958333E+0	30.000000E+0	934.959350E-3
98.500000E+0	21.000000E+0	20.975610E+0	30.000000E+0	416.666667E-3
98.600000E+0	21.000000E+0	20.871951E+0	30.000000E+0	243.902439E-3
98.700000E+0	21.000000E+0	20.992886E+0	30.000000E+0	1.280488E+0
98.800000E+0	21.000000E+0	20.941057E+0	30.000000E+0	71.138211E-3
98.900000E+0	21.000000E+0	20.889228E+0	30.000000E+0	589.430894E-3
99.000000E+0	21.000000E+0	20.958333E+0	30.000000E+0	1.107724E+0
99.100000E+0	21.000000E+0	20.975610E+0	30.000000E+0	416.666667E-3
99.200000E+0	21.000000E+0	20.941057E+0	30.000000E+0	243.902439E-3
99.300000E+0	21.000000E+0	20.889228E+0	30.000000E+0	589.430894E-3
99.400000E+0	21.000000E+0	21.044715E+0	30.000000E+0	1.107724E+0
99.500000E+0	21.000000E+0	20.941057E+0	30.000000E+0	-447.154472E-3
99.600000E+0	21.000000E+0	20.871951E+0	30.000000E+0	589.430894E-3
99.700000E+0	21.000000E+0	21.044715E+0	30.000000E+0	1.280488E+0
99.800000E+0	21.000000E+0	20.941057E+0	30.000000E+0	-447.154472E-3
99.900000E+0	21.000000E+0	20.854675E+0	30.000000E+0	589.430894E-3
100.000000E+0	21.000000E+0	21.027439E+0	30.000000E+0	1.453252E+0
100.100000E+0	21.000000E+0	20.958333E+0	30.000000E+0	-274.390244E-3
100.200000E+0	21.000000E+0	20.958333E+0	30.000000E+0	416.666667E-3
100.300000E+0	21.000000E+0	20.923780E+0	30.000000E+0	416.666667E-3
100.400000E+0	21.000000E+0	20.958333E+0	30.000000E+0	762.195122E-3
100.500000E+0	21.000000E+0	20.992886E+0	30.000000E+0	416.666667E-3
100.600000E+0	21.000000E+0	20.958333E+0	30.000000E+0	416.666667E-3
100.700000E+0	21.000000E+0	21.044715E+0	30.000000E+0	-447.154472E-3
100.800000E+0	21.000000E+0	20.958333E+0	30.000000E+0	416.666667E-3
100.900000E+0	21.000000E+0	20.906504E+0	30.000000E+0	934.959350E-3
101.000000E+0	21.000000E+0	21.010163E+0	30.000000E+0	-101.626016E-3
101.100000E+0	21.000000E+0	20.958333E+0	30.000000E+0	416.666667E-3
101.200000E+0	21.000000E+0	20.923780E+0	30.000000E+0	762.195122E-3
101.300000E+0	21.000000E+0	21.044715E+0	30.000000E+0	-447.154472E-3
101.400000E+0	21.000000E+0	21.044715E+0	30.000000E+0	-447.154472E-3
101.500000E+0	21.000000E+0	21.079268E+0	30.000000E+0	-792.682927E-3
101.600000E+0	21.000000E+0	20.958333E+0	30.000000E+0	416.666667E-3
101.700000E+0	21.000000E+0	21.010163E+0	30.000000E+0	-101.626016E-3
101.800000E+0	21.000000E+0	20.975610E+0	30.000000E+0	243.902439E-3
101.900000E+0	21.000000E+0	20.975610E+0	30.000000E+0	243.902439E-3
102.000000E+0	21.000000E+0	21.010163E+0	30.000000E+0	-101.626016E-3
102.100000E+0	21.000000E+0	20.941057E+0	30.000000E+0	589.430894E-3
102.200000E+0	21.000000E+0	20.975610E+0	30.000000E+0	589.430894E-3
102.300000E+0	21.000000E+0	21.027439E+0	30.000000E+0	243.902439E-3
102.400000E+0	21.000000E+0	21.061992E+0	30.000000E+0	-274.390244E-3
102.500000E+0	21.000000E+0	20.975610E+0	30.000000E+0	-619.918699E-3
102.600000E+0	21.000000E+0	20.941057E+0	30.000000E+0	243.902439E-3
102.700000E+0	21.000000E+0	21.044715E+0	30.000000E+0	589.430894E-3
102.800000E+0	21.000000E+0	21.044715E+0	30.000000E+0	-447.154472E-3
102.900000E+0	21.000000E+0	20.975610E+0	30.000000E+0	-447.154472E-3
103.000000E+0	21.000000E+0	20.992886E+0	30.000000E+0	243.902439E-3
103.100000E+0	21.000000E+0	20.992886E+0	30.000000E+0	71.138211E-3
103.200000E+0	21.000000E+0	20.992886E+0	30.000000E+0	71.138211E-3
103.300000E+0	21.000000E+0	20.975610E+0	30.000000E+0	71.138211E-3
103.400000E+0	21.000000E+0	20.992886E+0	30.000000E+0	243.902439E-3
103.500000E+0	21.000000E+0	21.044715E+0	30.000000E+0	71.138211E-3
103.600000E+0	21.000000E+0	20.958333E+0	30.000000E+0	-447.154472E-3
103.700000E+0	21.000000E+0	20.923780E+0	30.000000E+0	416.666667E-3
103.800000E+0	21.000000E+0	21.096545E+0	30.000000E+0	762.195122E-3
103.900000E+0	21.000000E+0	20.958333E+0	30.000000E+0	-965.447154E-3
104.000000E+0	21.000000E+0	20.992886E+0	30.000000E+0	416.666667E-3
104.100000E+0	21.000000E+0	21.044715E+0	30.000000E+0	71.138211E-3
104.200000E+0	21.000000E+0	21.010163E+0	30.000000E+0	-447.154472E-3
104.300000E+0	21.000000E+0	21.010163E+0	30.000000E+0	-101.626016E-3
104.400000E+0	21.000000E+0	20.923780E+0	30.000000E+0	-101.626016E-3
104.500000E+0	21.000000E+0	21.096545E+0	30.000000E+0	762.195122E-3
104.600000E+0	21.000000E+0	20.975610E+0	30.000000E+0	-965.447154E-3
104.700000E+0	21.000000E+0	20.958333E+0	30.000000E+0	243.902439E-3
104.800000E+0	21.000000E+0	21.079268E+0	30.000000E+0	416.666667E-3
104.900000E+0	21.000000E+0	20.958333E+0	30.000000E+0	-792.682927E-3
105.000000E+0	21.000000E+0	20.923780E+0	30.000000E+0	416.666667E-3
105.100000E+0	21.000000E+0	21.096545E+0	30.000000E+0	762.195122E-3
105.200000E+0	21.000000E+0	21.027439E+0	30.000000E+0	-965.447154E-3
105.300000E+0	21.000000E+0	21.079268E+0	30.000000E+0	-274.390244E-3
105.400000E+0	21.000000E+0	21.010163E+0	30.000000E+0	-792.682927E-3
105.500000E+0	21.000000E+0	21.027439E+0	30.000000E+0	-101.626016E-3
105.600000E+0	21.000000E+0	21.044715E+0	30.000000E+0	-274.390244E-3
105.700000E+0	21.000000E+0	20.992886E+0	30.000000E+0	-447.154472E-3
105.800000E+0	21.000000E+0	20.975610E+0	30.000000E+0	71.138211E-3
105.900000E+0	21.000000E+0	20.975610E+0	30.000000E+0	243.902439E-3
106.000000E+0	21.000000E+0	20.992886E+0	30.000000E+0	243.902439E-3
106.100000E+0	21.000000E+0	21.131098E+0	30.000000E+0	71.138211E-3
106.200000E+0	21.000000E+0	20.975610E+0	30.000000E+0	-1.310976E+0
106.300000E+0	21.000000E+0	20.906504E+0	30.000000E+0	243.902439E-3
106.400000E+0	21.000000E+0	21.027439E+0	30.000000E+0	934.959350E-3
106.500000E+0	21.000000E+0	20.975610E+0	30.000000E+0	-274.390244E-3
106.600000E+0	21.000000E+0	21.010163E+0	30.000000E+0	243.902439E-3
106.700000E+0	21.000000E+0	20.958333E+0	30.000000E+0	-101.626016E-3
106.800000E+0	21.000000E+0	21.027439E+0	30.000000E+0	416.666667E-3
106.900000E+0	21.000000E+0	21.027439E+0	30.000000E+0	-274.390244E-3
107.000000E+0	21.000000E+0	21.027439E+0	30.000000E+0	-274.390244E-3
107.100000E+0	21.000000E+0	21.096545E+0	30.000000E+0	-274.390244E-3
107.200000E+0	21.000000E+0	20.992886E+0	30.000000E+0	-965.447154E-3
107.300000E+0	21.000000E+0	20.958333E+0	30.000000E+0	71.138211E-3
107.400000E+0	21.000000E+0	20.975610E+0	30.000000E+0	416.666667E-3
107.500000E+0	21.000000E+0	21.044715E+0	30.000000E+0	243.902439E-3
107.600000E+0	21.000000E+0	21.131098E+0	30.000000E+0	-447.154472E-3
107.700000E+0	21.000000E+0	20.992886E+0	30.000000E+0	-1.310976E+0
107.800000E+0	21.000000E+0	20.992886E+0	30.000000E+0	71.138211E-3
107.900000E+0	21.000000E+0	20.975610E+0	30.000000E+0	71.138211E-3
108.000000E+0	21.000000E+0	21.044715E+0	30.000000E+0	243.902439E-3
108.100000E+0	21.000000E+0	21.044715E+0	30.000000E+0	-447.154472E-3
108.200000E+0	21.000000E+0	20.975610E+0	30.000000E+0	-447.154472E-3
108.300000E+0	21.000000E+0	21.096545E+0	30.000000E+0	243.902439E-3
108.400000E+0	21.000000E+0	20.975610E+0	30.000000E+0	-965.447154E-3
108.500000E+0	21.000000E+0	20.975610E+0	30.000000E+0	243.902439E-3
108.600000E+0	21.000000E+0	21.027439E+0	30.000000E+0	243.902439E-3
108.700000E+0	21.000000E+0	21.010163E+0	30.000000E+0	-274.390244E-3
108.800000E+0	21.000000E+0	21.010163E+0	30.000000E+0	-101.626016E-3
108.900000E+0	21.000000E+0	20.975610E+0	30.000000E+0	-101.626016E-3
109.000000E+0	21.000000E+0	21.079268E+0	30.000000E+0	243.902439E-3
109.100000E+0	21.000000E+0	21.044715E+0	30.000000E+0	-792.682927E-3
109.200000E+0	21.000000E+0	21.044715E+0	30.000000E+0	-447.154472E-3
109.300000E+0	21.000000E+0	21.148374E+0	30.000000E+0	-447.154472E-3
109.400000E+0	21.000000E+0	20.992886E+0	30.000000E+0	-1.483740E+0
109.500000E+0	21.000000E+0	21.044715E+0	30.000000E+0	71.138211E-3
109.600000E+0	21.000000E+0	21.096545E+0	30.000000E+0	-447.154472E-3
109.700000E+0	21.000000E+0	21.027439E+0	30.000000E+0	-965.447154E-3
109.800000E+0	21.000000E+0	20.975610E+0	30.000000E+0	-274.390244E-3
109.900000E+0	21.000000E+0	21.044715E+0	30.000000E+0	243.902439E-3
110.000000E+0	21.000000E+0	21.079268E+0	30.000000E+0	-447.154472E-3
110.100000E+0	21.000000E+0	21.044715E+0	30.000000E+0	-792.682927E-3
110.200000E+0	21.000000E+0	21.010163E+0	30.000000E+0	-447.154472E-3
110.300000E+0	21.000000E+0	21.131098E+0	30.000000E+0	-101.626016E-3
110.400000E+0	21.000000E+0	21.044715E+0	30.000000E+0	-1.310976E+0
110.500000E+0	21.000000E+0	21.027439E+0	30.000000E+0	-447.154472E-3
110.600000E+0	21.000000E+0	21.182927E+0	30.000000E+0	-274.390244E-3
110.700000E+0	21.000000E+0	21.027439E+0	30.000000E+0	-1.829268E+0
110.800000E+0	21.000000E+0	21.131098E+0	30.000000E+0	-274.390244E-3
110.900000E+0	21.000000E+0	21.148374E+0	30.000000E+0	-1.310976E+0
111.000000E+0	21.000000E+0	21.079268E+0	30.000000E+0	-1.483740E+0
111.100000E+0	21.000000E+0	21.044715E+0	30.000000E+0	-792.682927E-3
111.200000E+0	21.000000E+0	21.079268E+0	30.000000E+0	-447.154472E-3
111.300000E+0	21.000000E+0	21.044715E+0	30.000000E+0	-792.682927E-3
111.400000E+0	21.000000E+0	21.044715E+0	30.000000E+0	-447.154472E-3
111.500000E+0	21.000000E+0	21.096545E+0	30.000000E+0	-447.154472E-3
111.600000E+0	21.000000E+0	21.079268E+0	30.000000E+0	-965.447154E-3
111.700000E+0	21.000000E+0	21.027439E+0	30.000000E+0	-792.682927E-3
111.800000E+0	21.000000E+0	20.975610E+0	30.000000E+0	-274.390244E-3
111.900000E+0	21.000000E+0	21.113821E+0	30.000000E+0	243.902439E-3
112.000000E+0	21.000000E+0	21.096545E+0	30.000000E+0	-1.138211E+0
112.100000E+0	21.000000E+0	20.975610E+0	30.000000E+0	-965.447154E-3
112.200000E+0	21.000000E+0	21.044715E+0	30.000000E+0	243.902439E-3
