0.000000E+0	10.100000E+0	2.040363E+0	30.000000E+0	80.596370E+0
100.000000E-3	10.100000E+0	2.058773E+0	30.000000E+0	80.596370E+0
200.000000E-3	10.100000E+0	2.077182E+0	30.000000E+0	80.412273E+0
300.000000E-3	10.100000E+0	2.095592E+0	30.000000E+0	80.228176E+0
400.000000E-3	10.100000E+0	2.114002E+0	30.000000E+0	80.044080E+0
500.000000E-3	10.100000E+0	2.114002E+0	30.000000E+0	79.859983E+0
600.000000E-3	10.100000E+0	2.095592E+0	30.000000E+0	79.859983E+0
700.000000E-3	10.100000E+0	2.095592E+0	30.000000E+0	80.044080E+0
800.000000E-3	10.100000E+0	2.095592E+0	30.000000E+0	80.044080E+0
900.000000E-3	10.100000E+0	2.114002E+0	30.000000E+0	80.044080E+0
1.000000E+0	10.100000E+0	2.077182E+0	30.000000E+0	79.859983E+0
1.100000E+0	10.100000E+0	2.500605E+0	30.000000E+0	80.228176E+0
1.200000E+0	10.100000E+0	2.611063E+0	30.000000E+0	75.993950E+0
1.300000E+0	10.100000E+0	3.126534E+0	30.000000E+0	74.889369E+0
1.400000E+0	10.100000E+0	3.126534E+0	30.000000E+0	69.734659E+0
1.500000E+0	10.100000E+0	3.292221E+0	30.000000E+0	69.734659E+0
1.600000E+0	10.100000E+0	3.918150E+0	30.000000E+0	68.077787E+0
1.700000E+0	10.100000E+0	4.433621E+0	30.000000E+0	61.818496E+0
1.800000E+0	10.100000E+0	4.470441E+0	30.000000E+0	56.663786E+0
1.900000E+0	10.100000E+0	4.617718E+0	30.000000E+0	56.295592E+0
2.000000E+0	10.100000E+0	4.930683E+0	30.000000E+0	54.822818E+0
2.100000E+0	10.100000E+0	4.949092E+0	30.000000E+0	51.693172E+0
2.200000E+0	10.100000E+0	5.317286E+0	30.000000E+0	51.509075E+0
2.300000E+0	10.100000E+0	5.372515E+0	30.000000E+0	47.827139E+0
2.400000E+0	10.100000E+0	5.354105E+0	30.000000E+0	47.274849E+0
2.500000E+0	10.100000E+0	5.630251E+0	30.000000E+0	47.458946E+0
2.600000E+0	10.100000E+0	5.851167E+0	30.000000E+0	44.697494E+0
2.700000E+0	10.100000E+0	6.219360E+0	30.000000E+0	42.488332E+0
2.800000E+0	10.100000E+0	6.237770E+0	30.000000E+0	38.806396E+0
2.900000E+0	10.100000E+0	6.274589E+0	30.000000E+0	38.622299E+0
3.000000E+0	10.100000E+0	6.164131E+0	30.000000E+0	38.254105E+0
3.100000E+0	10.100000E+0	6.495506E+0	30.000000E+0	39.358686E+0
3.200000E+0	10.100000E+0	6.642783E+0	30.000000E+0	36.044944E+0
3.300000E+0	10.100000E+0	6.790061E+0	30.000000E+0	34.572169E+0
3.400000E+0	10.100000E+0	6.863699E+0	30.000000E+0	33.099395E+0
3.500000E+0	10.100000E+0	6.992567E+0	30.000000E+0	32.363008E+0
3.600000E+0	10.100000E+0	7.084615E+0	30.000000E+0	31.074330E+0
3.700000E+0	10.100000E+0	7.103025E+0	30.000000E+0	30.153846E+0
3.800000E+0	10.100000E+0	7.176664E+0	30.000000E+0	29.969749E+0
3.900000E+0	10.100000E+0	7.287122E+0	30.000000E+0	29.233362E+0
4.000000E+0	10.100000E+0	7.231893E+0	30.000000E+0	28.128781E+0
4.100000E+0	10.100000E+0	7.268712E+0	30.000000E+0	28.681072E+0
4.200000E+0	10.100000E+0	7.342351E+0	30.000000E+0	28.312878E+0
4.300000E+0	10.100000E+0	7.526448E+0	30.000000E+0	27.576491E+0
4.400000E+0	10.100000E+0	7.636906E+0	30.000000E+0	25.735523E+0
4.500000E+0	10.100000E+0	7.673725E+0	30.000000E+0	24.630942E+0
4.600000E+0	10.100000E+0	7.728954E+0	30.000000E+0	24.262748E+0
4.700000E+0	10.100000E+0	7.784183E+0	30.000000E+0	23.710458E+0
4.800000E+0	10.100000E+0	7.949870E+0	30.000000E+0	23.158168E+0
4.900000E+0	10.100000E+0	8.005099E+0	30.000000E+0	21.501296E+0
5.000000E+0	10.100000E+0	8.041919E+0	30.000000E+0	20.949006E+0
5.100000E+0	10.100000E+0	8.152377E+0	30.000000E+0	20.580812E+0
5.200000E+0	10.100000E+0	8.262835E+0	30.000000E+0	19.476232E+0
5.300000E+0	10.100000E+0	8.354883E+0	30.000000E+0	18.371651E+0
5.400000E+0	10.100000E+0	8.354883E+0	30.000000E+0	17.451167E+0
5.500000E+0	10.100000E+0	8.354883E+0	30.000000E+0	17.451167E+0
5.600000E+0	10.100000E+0	8.373293E+0	30.000000E+0	17.451167E+0
5.700000E+0	10.100000E+0	8.428522E+0	30.000000E+0	17.267070E+0
5.800000E+0	10.100000E+0	8.446932E+0	30.000000E+0	16.714780E+0
5.900000E+0	10.100000E+0	8.446932E+0	30.000000E+0	16.530683E+0
6.000000E+0	10.100000E+0	8.483751E+0	30.000000E+0	16.530683E+0
6.100000E+0	10.100000E+0	8.502161E+0	30.000000E+0	16.162489E+0
6.200000E+0	10.100000E+0	8.631029E+0	30.000000E+0	15.978392E+0
6.300000E+0	10.100000E+0	8.649438E+0	30.000000E+0	14.689715E+0
6.400000E+0	10.100000E+0	8.796716E+0	30.000000E+0	14.505618E+0
6.500000E+0	10.100000E+0	8.870354E+0	30.000000E+0	13.032844E+0
6.600000E+0	10.100000E+0	8.870354E+0	30.000000E+0	12.296456E+0
6.700000E+0	10.100000E+0	8.815125E+0	30.000000E+0	12.296456E+0
6.800000E+0	10.100000E+0	8.870354E+0	30.000000E+0	12.848747E+0
6.900000E+0	10.100000E+0	8.943993E+0	30.000000E+0	12.296456E+0
7.000000E+0	10.100000E+0	8.907174E+0	30.000000E+0	11.560069E+0
7.100000E+0	10.100000E+0	8.980812E+0	30.000000E+0	11.928263E+0
7.200000E+0	10.100000E+0	9.036041E+0	30.000000E+0	11.191876E+0
7.300000E+0	10.100000E+0	9.017632E+0	30.000000E+0	10.639585E+0
7.400000E+0	10.100000E+0	9.036041E+0	30.000000E+0	10.823682E+0
7.500000E+0	10.100000E+0	9.072861E+0	30.000000E+0	10.639585E+0
7.600000E+0	10.100000E+0	9.072861E+0	30.000000E+0	10.271392E+0
7.700000E+0	10.100000E+0	9.091271E+0	30.000000E+0	10.271392E+0
7.800000E+0	10.100000E+0	9.275367E+0	30.000000E+0	10.087295E+0
7.900000E+0	10.100000E+0	9.312187E+0	30.000000E+0	8.246327E+0
8.000000E+0	10.100000E+0	9.293777E+0	30.000000E+0	7.878133E+0
8.100000E+0	10.100000E+0	9.293777E+0	30.000000E+0	8.062230E+0
8.200000E+0	10.100000E+0	9.385825E+0	30.000000E+0	8.062230E+0
8.300000E+0	10.100000E+0	9.404235E+0	30.000000E+0	7.141746E+0
8.400000E+0	10.100000E+0	9.349006E+0	30.000000E+0	6.957649E+0
8.500000E+0	10.100000E+0	9.477874E+0	30.000000E+0	7.509939E+0
8.600000E+0	10.100000E+0	9.496283E+0	30.000000E+0	6.221262E+0
8.700000E+0	10.100000E+0	9.477874E+0	30.000000E+0	6.037165E+0
8.800000E+0	10.100000E+0	9.422645E+0	30.000000E+0	6.221262E+0
8.900000E+0	10.100000E+0	9.514693E+0	30.000000E+0	6.773552E+0
9.000000E+0	10.100000E+0	9.533103E+0	30.000000E+0	5.853068E+0
9.100000E+0	10.100000E+0	9.514693E+0	30.000000E+0	5.668971E+0
9.200000E+0	10.100000E+0	9.551513E+0	30.000000E+0	5.853068E+0
9.300000E+0	10.100000E+0	9.551513E+0	30.000000E+0	5.484875E+0
9.400000E+0	10.100000E+0	9.533103E+0	30.000000E+0	5.484875E+0
9.500000E+0	10.100000E+0	9.569922E+0	30.000000E+0	5.668971E+0
9.600000E+0	10.100000E+0	9.643561E+0	30.000000E+0	5.300778E+0
9.700000E+0	10.100000E+0	9.661971E+0	30.000000E+0	4.564391E+0
9.800000E+0	10.100000E+0	9.680380E+0	30.000000E+0	4.380294E+0
9.900000E+0	10.100000E+0	9.735609E+0	30.000000E+0	4.196197E+0
10.000000E+0	10.100000E+0	9.790838E+0	30.000000E+0	3.643907E+0
10.100000E+0	10.100000E+0	9.735609E+0	30.000000E+0	3.091616E+0
10.200000E+0	10.100000E+0	9.790838E+0	30.000000E+0	3.643907E+0
10.300000E+0	10.100000E+0	9.809248E+0	30.000000E+0	3.091616E+0
10.400000E+0	10.100000E+0	9.809248E+0	30.000000E+0	2.907519E+0
10.500000E+0	10.100000E+0	9.827658E+0	30.000000E+0	2.907519E+0
10.600000E+0	10.100000E+0	9.827658E+0	30.000000E+0	2.723423E+0
10.700000E+0	10.100000E+0	9.846067E+0	30.000000E+0	2.723423E+0
10.800000E+0	10.100000E+0	9.827658E+0	30.000000E+0	2.539326E+0
10.900000E+0	10.100000E+0	9.846067E+0	30.000000E+0	2.723423E+0
11.000000E+0	10.100000E+0	9.864477E+0	30.000000E+0	2.539326E+0
11.100000E+0	10.100000E+0	9.864477E+0	30.000000E+0	2.355229E+0
11.200000E+0	10.100000E+0	9.901296E+0	30.000000E+0	2.355229E+0
11.300000E+0	10.100000E+0	9.901296E+0	30.000000E+0	1.987035E+0
11.400000E+0	10.100000E+0	9.901296E+0	30.000000E+0	1.987035E+0
11.500000E+0	10.100000E+0	9.901296E+0	30.000000E+0	1.987035E+0
11.600000E+0	10.100000E+0	9.901296E+0	30.000000E+0	1.987035E+0
11.700000E+0	10.100000E+0	9.919706E+0	30.000000E+0	1.987035E+0
11.800000E+0	10.100000E+0	9.901296E+0	30.000000E+0	1.802939E+0
11.900000E+0	10.100000E+0	9.919706E+0	30.000000E+0	1.987035E+0
12.000000E+0	10.100000E+0	9.919706E+0	30.000000E+0	1.802939E+0
12.100000E+0	10.100000E+0	9.919706E+0	30.000000E+0	1.802939E+0
12.200000E+0	10.100000E+0	9.956525E+0	30.000000E+0	1.802939E+0
12.300000E+0	10.100000E+0	9.956525E+0	30.000000E+0	1.434745E+0
12.400000E+0	10.100000E+0	9.974935E+0	30.000000E+0	1.434745E+0
12.500000E+0	10.100000E+0	9.974935E+0	30.000000E+0	1.250648E+0
12.600000E+0	10.100000E+0	9.974935E+0	30.000000E+0	1.250648E+0
12.700000E+0	10.100000E+0	9.974935E+0	30.000000E+0	1.250648E+0
12.800000E+0	10.100000E+0	9.956525E+0	30.000000E+0	1.250648E+0
12.900000E+0	10.100000E+0	10.030164E+0	30.000000E+0	1.434745E+0
13.000000E+0	10.100000E+0	9.993345E+0	30.000000E+0	698.357822E-3
13.100000E+0	10.100000E+0	10.011755E+0	30.000000E+0	1.066551E+0
13.200000E+0	10.100000E+0	10.030164E+0	30.000000E+0	882.454624E-3
13.300000E+0	10.100000E+0	10.011755E+0	30.000000E+0	698.357822E-3
13.400000E+0	10.100000E+0	10.011755E+0	30.000000E+0	882.454624E-3
13.500000E+0	10.100000E+0	10.030164E+0	30.000000E+0	882.454624E-3
13.600000E+0	10.100000E+0	10.030164E+0	30.000000E+0	698.357822E-3
13.700000E+0	10.100000E+0	10.011755E+0	30.000000E+0	698.357822E-3
13.800000E+0	10.100000E+0	10.048574E+0	30.000000E+0	882.454624E-3
13.900000E+0	10.100000E+0	10.030164E+0	30.000000E+0	514.261020E-3
14.000000E+0	10.100000E+0	10.030164E+0	30.000000E+0	698.357822E-3
14.100000E+0	10.100000E+0	10.011755E+0	30.000000E+0	698.357822E-3
14.200000E+0	10.100000E+0	10.048574E+0	30.000000E+0	882.454624E-3
14.300000E+0	10.100000E+0	10.048574E+0	30.000000E+0	514.261020E-3
14.400000E+0	10.100000E+0	10.066984E+0	30.000000E+0	514.261020E-3
14.500000E+0	10.100000E+0	10.048574E+0	30.000000E+0	330.164218E-3
14.600000E+0	10.100000E+0	10.030164E+0	30.000000E+0	514.261020E-3
14.700000E+0	10.100000E+0	10.048574E+0	30.000000E+0	698.357822E-3
14.800000E+0	10.100000E+0	10.066984E+0	30.000000E+0	514.261020E-3
14.900000E+0	10.100000E+0	10.085393E+0	30.000000E+0	330.164218E-3
15.000000E+0	10.100000E+0	10.066984E+0	30.000000E+0	146.067416E-3
15.100000E+0	10.100000E+0	10.085393E+0	30.000000E+0	330.164218E-3
15.200000E+0	10.100000E+0	10.085393E+0	30.000000E+0	146.067416E-3
15.300000E+0	10.100000E+0	10.066984E+0	30.000000E+0	146.067416E-3
15.400000E+0	10.100000E+0	10.085393E+0	30.000000E+0	330.164218E-3
15.500000E+0	10.100000E+0	10.085393E+0	30.000000E+0	146.067416E-3
15.600000E+0	10.100000E+0	10.085393E+0	30.000000E+0	146.067416E-3
15.700000E+0	10.100000E+0	10.103803E+0	30.000000E+0	146.067416E-3
15.800000E+0	10.100000E+0	10.048574E+0	30.000000E+0	-38.029386E-3
15.900000E+0	10.100000E+0	10.066984E+0	30.000000E+0	514.261020E-3
16.000000E+0	10.100000E+0	10.085393E+0	30.000000E+0	330.164218E-3
16.100000E+0	10.100000E+0	10.085393E+0	30.000000E+0	146.067416E-3
16.200000E+0	10.100000E+0	10.085393E+0	30.000000E+0	146.067416E-3
16.300000E+0	10.100000E+0	10.103803E+0	30.000000E+0	146.067416E-3
16.400000E+0	10.100000E+0	10.103803E+0	30.000000E+0	-38.029386E-3
16.500000E+0	10.100000E+0	10.103803E+0	30.000000E+0	-38.029386E-3
16.600000E+0	10.100000E+0	10.103803E+0	30.000000E+0	-38.029386E-3
16.700000E+0	10.100000E+0	10.103803E+0	30.000000E+0	-38.029386E-3
16.800000E+0	10.100000E+0	10.177442E+0	30.000000E+0	-38.029386E-3
16.900000E+0	10.100000E+0	10.103803E+0	30.000000E+0	-774.416595E-3
17.000000E+0	10.100000E+0	10.122213E+0	30.000000E+0	-38.029386E-3
17.100000E+0	10.100000E+0	10.103803E+0	30.000000E+0	-222.126188E-3
17.200000E+0	10.100000E+0	10.103803E+0	30.000000E+0	-38.029386E-3
17.300000E+0	10.100000E+0	10.085393E+0	30.000000E+0	-38.029386E-3
17.400000E+0	10.100000E+0	9.993345E+0	30.000000E+0	146.067416E-3
17.500000E+0	10.100000E+0	9.974935E+0	30.000000E+0	1.066551E+0
17.600000E+0	10.100000E+0	9.956525E+0	30.000000E+0	1.250648E+0
17.700000E+0	10.100000E+0	9.938116E+0	30.000000E+0	1.434745E+0
17.800000E+0	10.100000E+0	9.882887E+0	30.000000E+0	1.618842E+0
17.900000E+0	10.100000E+0	9.882887E+0	30.000000E+0	2.171132E+0
18.000000E+0	10.100000E+0	9.809248E+0	30.000000E+0	2.171132E+0
18.100000E+0	10.100000E+0	9.809248E+0	30.000000E+0	2.907519E+0
18.200000E+0	10.100000E+0	9.772429E+0	30.000000E+0	2.907519E+0
18.300000E+0	10.100000E+0	9.772429E+0	30.000000E+0	3.275713E+0
18.400000E+0	10.100000E+0	9.680380E+0	30.000000E+0	3.275713E+0
18.500000E+0	10.100000E+0	9.661971E+0	30.000000E+0	4.196197E+0
18.600000E+0	10.100000E+0	9.643561E+0	30.000000E+0	4.380294E+0
18.700000E+0	10.100000E+0	9.588332E+0	30.000000E+0	4.564391E+0
18.800000E+0	10.100000E+0	9.569922E+0	30.000000E+0	5.116681E+0
18.900000E+0	10.100000E+0	9.514693E+0	30.000000E+0	5.300778E+0
19.000000E+0	10.100000E+0	9.514693E+0	30.000000E+0	5.853068E+0
19.100000E+0	10.100000E+0	9.422645E+0	30.000000E+0	5.853068E+0
19.200000E+0	10.100000E+0	9.367416E+0	30.000000E+0	6.773552E+0
19.300000E+0	10.100000E+0	9.349006E+0	30.000000E+0	7.325843E+0
19.400000E+0	10.100000E+0	9.312187E+0	30.000000E+0	7.509939E+0
19.500000E+0	10.100000E+0	9.238548E+0	30.000000E+0	7.878133E+0
19.600000E+0	10.100000E+0	9.220138E+0	30.000000E+0	8.614520E+0
19.700000E+0	10.100000E+0	9.146500E+0	30.000000E+0	8.798617E+0
19.800000E+0	10.100000E+0	9.109680E+0	30.000000E+0	9.535004E+0
19.900000E+0	10.100000E+0	9.072861E+0	30.000000E+0	9.903198E+0
20.000000E+0	10.100000E+0	9.054451E+0	30.000000E+0	10.271392E+0
20.100000E+0	10.100000E+0	9.054451E+0	30.000000E+0	10.455488E+0
20.200000E+0	10.100000E+0	9.036041E+0	30.000000E+0	10.455488E+0
20.300000E+0	10.100000E+0	8.962403E+0	30.000000E+0	10.639585E+0
20.400000E+0	10.100000E+0	8.925583E+0	30.000000E+0	11.375972E+0
20.500000E+0	10.100000E+0	8.815125E+0	30.000000E+0	11.744166E+0
20.600000E+0	10.100000E+0	8.796716E+0	30.000000E+0	12.848747E+0
20.700000E+0	10.100000E+0	8.833535E+0	30.000000E+0	13.032844E+0
20.800000E+0	10.100000E+0	8.796716E+0	30.000000E+0	12.664650E+0
20.900000E+0	10.100000E+0	8.778306E+0	30.000000E+0	13.032844E+0
21.000000E+0	10.100000E+0	8.759896E+0	30.000000E+0	13.216940E+0
21.100000E+0	10.100000E+0	8.759896E+0	30.000000E+0	13.401037E+0
21.200000E+0	10.100000E+0	8.686258E+0	30.000000E+0	13.401037E+0
21.300000E+0	10.100000E+0	8.686258E+0	30.000000E+0	14.137424E+0
21.400000E+0	10.100000E+0	8.594209E+0	30.000000E+0	14.137424E+0
21.500000E+0	10.100000E+0	8.594209E+0	30.000000E+0	15.057908E+0
21.600000E+0	10.100000E+0	8.612619E+0	30.000000E+0	15.057908E+0
21.700000E+0	10.100000E+0	8.649438E+0	30.000000E+0	14.873812E+0
21.800000E+0	10.100000E+0	8.594209E+0	30.000000E+0	14.505618E+0
21.900000E+0	10.100000E+0	8.594209E+0	30.000000E+0	15.057908E+0
22.000000E+0	10.100000E+0	8.612619E+0	30.000000E+0	15.057908E+0
22.100000E+0	10.100000E+0	8.502161E+0	30.000000E+0	14.873812E+0
22.200000E+0	10.100000E+0	8.538980E+0	30.000000E+0	15.978392E+0
22.300000E+0	10.100000E+0	8.538980E+0	30.000000E+0	15.610199E+0
22.400000E+0	10.100000E+0	8.483751E+0	30.000000E+0	15.610199E+0
22.500000E+0	10.100000E+0	8.465341E+0	30.000000E+0	16.162489E+0
22.600000E+0	10.100000E+0	8.410112E+0	30.000000E+0	16.346586E+0
22.700000E+0	10.100000E+0	8.391703E+0	30.000000E+0	16.898876E+0
22.800000E+0	10.100000E+0	8.391703E+0	30.000000E+0	17.082973E+0
22.900000E+0	10.100000E+0	8.428522E+0	30.000000E+0	17.082973E+0
23.000000E+0	10.100000E+0	8.446932E+0	30.000000E+0	16.714780E+0
23.100000E+0	10.100000E+0	8.428522E+0	30.000000E+0	16.530683E+0
23.200000E+0	10.100000E+0	8.410112E+0	30.000000E+0	16.714780E+0
23.300000E+0	10.100000E+0	8.373293E+0	30.000000E+0	16.898876E+0
23.400000E+0	10.100000E+0	8.336474E+0	30.000000E+0	17.267070E+0
23.500000E+0	10.100000E+0	8.336474E+0	30.000000E+0	17.635264E+0
23.600000E+0	10.100000E+0	8.373293E+0	30.000000E+0	17.635264E+0
23.700000E+0	10.100000E+0	8.373293E+0	30.000000E+0	17.267070E+0
23.800000E+0	10.100000E+0	8.446932E+0	30.000000E+0	17.267070E+0
23.900000E+0	10.100000E+0	8.410112E+0	30.000000E+0	16.530683E+0
24.000000E+0	10.100000E+0	8.410112E+0	30.000000E+0	16.898876E+0
24.100000E+0	10.100000E+0	8.354883E+0	30.000000E+0	16.898876E+0
24.200000E+0	10.100000E+0	8.391703E+0	30.000000E+0	17.451167E+0
24.300000E+0	10.100000E+0	8.391703E+0	30.000000E+0	17.082973E+0
24.400000E+0	10.100000E+0	8.446932E+0	30.000000E+0	17.082973E+0
24.500000E+0	10.100000E+0	8.354883E+0	30.000000E+0	16.530683E+0
24.600000E+0	10.100000E+0	8.336474E+0	30.000000E+0	17.451167E+0
24.700000E+0	10.100000E+0	8.336474E+0	30.000000E+0	17.635264E+0
24.800000E+0	10.100000E+0	8.391703E+0	30.000000E+0	17.635264E+0
24.900000E+0	10.100000E+0	8.299654E+0	30.000000E+0	17.082973E+0
25.000000E+0	10.100000E+0	8.299654E+0	30.000000E+0	18.003457E+0
25.100000E+0	10.100000E+0	8.244425E+0	30.000000E+0	18.003457E+0
25.200000E+0	10.100000E+0	8.244425E+0	30.000000E+0	18.555748E+0
25.300000E+0	10.100000E+0	8.170787E+0	30.000000E+0	18.555748E+0
25.400000E+0	10.100000E+0	8.244425E+0	30.000000E+0	19.292135E+0
25.500000E+0	10.100000E+0	8.244425E+0	30.000000E+0	18.555748E+0
25.600000E+0	10.100000E+0	8.244425E+0	30.000000E+0	18.555748E+0
25.700000E+0	10.100000E+0	8.244425E+0	30.000000E+0	18.555748E+0
25.800000E+0	10.100000E+0	8.226016E+0	30.000000E+0	18.555748E+0
25.900000E+0	10.100000E+0	8.226016E+0	30.000000E+0	18.739844E+0
26.000000E+0	10.100000E+0	8.244425E+0	30.000000E+0	18.739844E+0
26.100000E+0	10.100000E+0	8.281245E+0	30.000000E+0	18.555748E+0
26.200000E+0	10.100000E+0	8.244425E+0	30.000000E+0	18.187554E+0
26.300000E+0	10.100000E+0	8.262835E+0	30.000000E+0	18.555748E+0
26.400000E+0	10.100000E+0	8.244425E+0	30.000000E+0	18.371651E+0
26.500000E+0	10.100000E+0	8.244425E+0	30.000000E+0	18.555748E+0
26.600000E+0	10.100000E+0	8.281245E+0	30.000000E+0	18.555748E+0
26.700000E+0	10.100000E+0	8.244425E+0	30.000000E+0	18.187554E+0
26.800000E+0	10.100000E+0	8.226016E+0	30.000000E+0	18.555748E+0
26.900000E+0	10.100000E+0	8.299654E+0	30.000000E+0	18.739844E+0
27.000000E+0	10.100000E+0	8.336474E+0	30.000000E+0	18.003457E+0
27.100000E+0	10.100000E+0	8.336474E+0	30.000000E+0	17.635264E+0
27.200000E+0	10.100000E+0	8.391703E+0	30.000000E+0	17.635264E+0
27.300000E+0	10.100000E+0	8.336474E+0	30.000000E+0	17.082973E+0
27.400000E+0	10.100000E+0	8.410112E+0	30.000000E+0	17.635264E+0
27.500000E+0	10.100000E+0	8.465341E+0	30.000000E+0	16.898876E+0
27.600000E+0	10.100000E+0	8.502161E+0	30.000000E+0	16.346586E+0
27.700000E+0	10.100000E+0	8.538980E+0	30.000000E+0	15.978392E+0
27.800000E+0	10.100000E+0	8.483751E+0	30.000000E+0	15.610199E+0
27.900000E+0	10.100000E+0	8.520570E+0	30.000000E+0	16.162489E+0
28.000000E+0	10.100000E+0	8.575799E+0	30.000000E+0	15.794296E+0
28.100000E+0	10.100000E+0	8.612619E+0	30.000000E+0	15.242005E+0
28.200000E+0	10.100000E+0	8.649438E+0	30.000000E+0	14.873812E+0
28.300000E+0	10.100000E+0	8.704667E+0	30.000000E+0	14.505618E+0
28.400000E+0	10.100000E+0	8.759896E+0	30.000000E+0	13.953328E+0
28.500000E+0	10.100000E+0	8.833535E+0	30.000000E+0	13.401037E+0
28.600000E+0	10.100000E+0	8.870354E+0	30.000000E+0	12.664650E+0
28.700000E+0	10.100000E+0	8.851945E+0	30.000000E+0	12.296456E+0
28.800000E+0	10.100000E+0	8.851945E+0	30.000000E+0	12.480553E+0
28.900000E+0	10.100000E+0	9.036041E+0	30.000000E+0	12.480553E+0
29.000000E+0	10.100000E+0	9.036041E+0	30.000000E+0	10.639585E+0
29.100000E+0	10.100000E+0	9.072861E+0	30.000000E+0	10.639585E+0
29.200000E+0	10.100000E+0	9.109680E+0	30.000000E+0	10.271392E+0
29.300000E+0	10.100000E+0	9.072861E+0	30.000000E+0	9.903198E+0
29.400000E+0	10.100000E+0	9.128090E+0	30.000000E+0	10.271392E+0
29.500000E+0	10.100000E+0	9.128090E+0	30.000000E+0	9.719101E+0
29.600000E+0	10.100000E+0	9.128090E+0	30.000000E+0	9.719101E+0
29.700000E+0	10.100000E+0	9.201729E+0	30.000000E+0	9.719101E+0
29.800000E+0	10.100000E+0	9.238548E+0	30.000000E+0	8.982714E+0
29.900000E+0	10.100000E+0	9.275367E+0	30.000000E+0	8.614520E+0
30.000000E+0	10.100000E+0	9.293777E+0	30.000000E+0	8.246327E+0
30.100000E+0	10.100000E+0	9.330596E+0	30.000000E+0	8.062230E+0
30.200000E+0	10.100000E+0	9.367416E+0	30.000000E+0	7.694036E+0
30.300000E+0	10.100000E+0	9.367416E+0	30.000000E+0	7.325843E+0
30.400000E+0	10.100000E+0	9.367416E+0	30.000000E+0	7.325843E+0
30.500000E+0	10.100000E+0	9.404235E+0	30.000000E+0	7.325843E+0
30.600000E+0	10.100000E+0	9.441054E+0	30.000000E+0	6.957649E+0
30.700000E+0	10.100000E+0	9.441054E+0	30.000000E+0	6.589455E+0
30.800000E+0	10.100000E+0	9.551513E+0	30.000000E+0	6.589455E+0
30.900000E+0	10.100000E+0	9.551513E+0	30.000000E+0	5.484875E+0
31.000000E+0	10.100000E+0	9.533103E+0	30.000000E+0	5.484875E+0
31.100000E+0	10.100000E+0	9.569922E+0	30.000000E+0	5.668971E+0
31.200000E+0	10.100000E+0	9.606742E+0	30.000000E+0	5.300778E+0
31.300000E+0	10.100000E+0	9.661971E+0	30.000000E+0	4.932584E+0
31.400000E+0	10.100000E+0	9.661971E+0	30.000000E+0	4.380294E+0
31.500000E+0	10.100000E+0	9.643561E+0	30.000000E+0	4.380294E+0
31.600000E+0	10.100000E+0	9.661971E+0	30.000000E+0	4.564391E+0
31.700000E+0	10.100000E+0	9.661971E+0	30.000000E+0	4.380294E+0
31.800000E+0	10.100000E+0	9.717200E+0	30.000000E+0	4.380294E+0
31.900000E+0	10.100000E+0	9.717200E+0	30.000000E+0	3.828003E+0
32.000000E+0	10.100000E+0	9.717200E+0	30.000000E+0	3.828003E+0
32.100000E+0	10.100000E+0	9.717200E+0	30.000000E+0	3.828003E+0
32.200000E+0	10.100000E+0	9.735609E+0	30.000000E+0	3.828003E+0
32.300000E+0	10.100000E+0	9.735609E+0	30.000000E+0	3.643907E+0
32.400000E+0	10.100000E+0	9.790838E+0	30.000000E+0	3.643907E+0
32.500000E+0	10.100000E+0	9.790838E+0	30.000000E+0	3.091616E+0
32.600000E+0	10.100000E+0	9.790838E+0	30.000000E+0	3.091616E+0
32.700000E+0	10.100000E+0	9.809248E+0	30.000000E+0	3.091616E+0
32.800000E+0	10.100000E+0	9.790838E+0	30.000000E+0	2.907519E+0
32.900000E+0	10.100000E+0	9.790838E+0	30.000000E+0	3.091616E+0
33.000000E+0	10.100000E+0	9.790838E+0	30.000000E+0	3.091616E+0
33.100000E+0	10.100000E+0	9.827658E+0	30.000000E+0	3.091616E+0
33.200000E+0	10.100000E+0	9.864477E+0	30.000000E+0	2.723423E+0
33.300000E+0	10.100000E+0	9.882887E+0	30.000000E+0	2.355229E+0
33.400000E+0	10.100000E+0	9.864477E+0	30.000000E+0	2.171132E+0
33.500000E+0	10.100000E+0	9.864477E+0	30.000000E+0	2.355229E+0
33.600000E+0	10.100000E+0	9.864477E+0	30.000000E+0	2.355229E+0
33.700000E+0	10.100000E+0	9.864477E+0	30.000000E+0	2.355229E+0
33.800000E+0	10.100000E+0	9.882887E+0	30.000000E+0	2.355229E+0
33.900000E+0	10.100000E+0	9.919706E+0	30.000000E+0	2.171132E+0
34.000000E+0	10.100000E+0	9.901296E+0	30.000000E+0	1.802939E+0
34.100000E+0	10.100000E+0	9.919706E+0	30.000000E+0	1.987035E+0
34.200000E+0	10.100000E+0	9.919706E+0	30.000000E+0	1.802939E+0
34.300000E+0	10.100000E+0	9.919706E+0	30.000000E+0	1.802939E+0
34.400000E+0	10.100000E+0	9.938116E+0	30.000000E+0	1.802939E+0
34.500000E+0	10.100000E+0	9.956525E+0	30.000000E+0	1.618842E+0
34.600000E+0	10.100000E+0	9.956525E+0	30.000000E+0	1.434745E+0
34.700000E+0	10.100000E+0	9.938116E+0	30.000000E+0	1.434745E+0
34.800000E+0	10.100000E+0	9.956525E+0	30.000000E+0	1.618842E+0
34.900000E+0	10.100000E+0	9.956525E+0	30.000000E+0	1.434745E+0
35.000000E+0	10.100000E+0	9.974935E+0	30.000000E+0	1.434745E+0
35.100000E+0	10.100000E+0	9.974935E+0	30.000000E+0	1.250648E+0
35.200000E+0	10.100000E+0	9.993345E+0	30.000000E+0	1.250648E+0
35.300000E+0	10.100000E+0	9.993345E+0	30.000000E+0	1.066551E+0
35.400000E+0	10.100000E+0	9.974935E+0	30.000000E+0	1.066551E+0
35.500000E+0	10.100000E+0	9.993345E+0	30.000000E+0	1.250648E+0
35.600000E+0	10.100000E+0	9.974935E+0	30.000000E+0	1.066551E+0
35.700000E+0	10.100000E+0	9.993345E+0	30.000000E+0	1.250648E+0
35.800000E+0	10.100000E+0	9.993345E+0	30.000000E+0	1.066551E+0
35.900000E+0	10.100000E+0	9.993345E+0	30.000000E+0	1.066551E+0
36.000000E+0	10.100000E+0	10.011755E+0	30.000000E+0	1.066551E+0
36.100000E+0	10.100000E+0	10.011755E+0	30.000000E+0	882.454624E-3
36.200000E+0	10.100000E+0	10.030164E+0	30.000000E+0	882.454624E-3
36.300000E+0	10.100000E+0	10.011755E+0	30.000000E+0	698.357822E-3
36.400000E+0	10.100000E+0	10.011755E+0	30.000000E+0	882.454624E-3
36.500000E+0	10.100000E+0	10.030164E+0	30.000000E+0	882.454624E-3
36.600000E+0	10.100000E+0	10.048574E+0	30.000000E+0	698.357822E-3
36.700000E+0	10.100000E+0	10.066984E+0	30.000000E+0	514.261020E-3
36.800000E+0	10.100000E+0	10.048574E+0	30.000000E+0	330.164218E-3
36.900000E+0	10.100000E+0	10.048574E+0	30.000000E+0	514.261020E-3
37.000000E+0	10.100000E+0	10.048574E+0	30.000000E+0	514.261020E-3
37.100000E+0	10.100000E+0	10.066984E+0	30.000000E+0	514.261020E-3
37.200000E+0	10.100000E+0	10.048574E+0	30.000000E+0	330.164218E-3
37.300000E+0	10.100000E+0	10.085393E+0	30.000000E+0	514.261020E-3
37.400000E+0	10.100000E+0	10.066984E+0	30.000000E+0	146.067416E-3
37.500000E+0	10.100000E+0	10.048574E+0	30.000000E+0	330.164218E-3
37.600000E+0	10.100000E+0	10.066984E+0	30.000000E+0	514.261020E-3
37.700000E+0	10.100000E+0	10.066984E+0	30.000000E+0	330.164218E-3
37.800000E+0	10.100000E+0	10.048574E+0	30.000000E+0	330.164218E-3
37.900000E+0	10.100000E+0	10.066984E+0	30.000000E+0	514.261020E-3
38.000000E+0	10.100000E+0	10.066984E+0	30.000000E+0	330.164218E-3
38.100000E+0	10.100000E+0	10.066984E+0	30.000000E+0	330.164218E-3
38.200000E+0	10.100000E+0	10.066984E+0	30.000000E+0	330.164218E-3
38.300000E+0	10.100000E+0	10.066984E+0	30.000000E+0	330.164218E-3
38.400000E+0	10.100000E+0	10.066984E+0	30.000000E+0	330.164218E-3
38.500000E+0	10.100000E+0	10.048574E+0	30.000000E+0	330.164218E-3
38.600000E+0	10.100000E+0	10.085393E+0	30.000000E+0	514.261020E-3
38.700000E+0	10.100000E+0	10.066984E+0	30.000000E+0	146.067416E-3
38.800000E+0	10.100000E+0	10.085393E+0	30.000000E+0	330.164218E-3
38.900000E+0	10.100000E+0	10.085393E+0	30.000000E+0	146.067416E-3
39.000000E+0	10.100000E+0	10.103803E+0	30.000000E+0	146.067416E-3
39.100000E+0	10.100000E+0	10.066984E+0	30.000000E+0	-38.029386E-3
39.200000E+0	10.100000E+0	10.085393E+0	30.000000E+0	330.164218E-3
39.300000E+0	10.100000E+0	10.085393E+0	30.000000E+0	146.067416E-3
39.400000E+0	10.100000E+0	10.085393E+0	30.000000E+0	146.067416E-3
39.500000E+0	10.100000E+0	10.103803E+0	30.000000E+0	146.067416E-3
39.600000E+0	10.100000E+0	10.066984E+0	30.000000E+0	-38.029386E-3
39.700000E+0	10.100000E+0	10.066984E+0	30.000000E+0	330.164218E-3
39.800000E+0	10.100000E+0	10.085393E+0	30.000000E+0	330.164218E-3
39.900000E+0	10.100000E+0	10.085393E+0	30.000000E+0	146.067416E-3
40.000000E+0	10.100000E+0	10.085393E+0	30.000000E+0	146.067416E-3
40.100000E+0	10.100000E+0	10.085393E+0	30.000000E+0	146.067416E-3
40.200000E+0	10.100000E+0	10.085393E+0	30.000000E+0	146.067416E-3
40.300000E+0	10.100000E+0	10.103803E+0	30.000000E+0	146.067416E-3
40.400000E+0	10.100000E+0	10.103803E+0	30.000000E+0	-38.029386E-3
40.500000E+0	10.100000E+0	10.085393E+0	30.000000E+0	-38.029386E-3
40.600000E+0	10.100000E+0	10.085393E+0	30.000000E+0	146.067416E-3
40.700000E+0	10.100000E+0	10.085393E+0	30.000000E+0	146.067416E-3
40.800000E+0	10.100000E+0	10.085393E+0	30.000000E+0	146.067416E-3
40.900000E+0	10.100000E+0	10.103803E+0	30.000000E+0	146.067416E-3
