0.000000E+0	10.100000E+0	2.040363E+0	30.000000E+0	81.402334E+0
100.000000E-3	10.100000E+0	2.021953E+0	30.000000E+0	82.208297E+0
200.000000E-3	10.100000E+0	2.077182E+0	30.000000E+0	83.200199E+0
300.000000E-3	10.100000E+0	2.095592E+0	30.000000E+0	83.450190E+0
400.000000E-3	10.100000E+0	2.114002E+0	30.000000E+0	84.066534E+0
500.000000E-3	10.100000E+0	2.095592E+0	30.000000E+0	84.681037E+0
600.000000E-3	10.100000E+0	2.095592E+0	30.000000E+0	85.665575E+0
700.000000E-3	10.100000E+0	2.114002E+0	30.000000E+0	86.466016E+0
800.000000E-3	10.100000E+0	2.114002E+0	30.000000E+0	87.080519E+0
900.000000E-3	10.100000E+0	2.206050E+0	30.000000E+0	87.879118E+0
1.000000E+0	10.100000E+0	2.261279E+0	30.000000E+0	87.748029E+0
1.100000E+0	10.100000E+0	2.353328E+0	30.000000E+0	87.979611E+0
1.200000E+0	10.100000E+0	2.537424E+0	30.000000E+0	87.833794E+0
1.300000E+0	10.100000E+0	2.721521E+0	30.000000E+0	86.749084E+0
1.400000E+0	10.100000E+0	2.905618E+0	30.000000E+0	85.645964E+0
1.500000E+0	10.100000E+0	3.531547E+0	30.000000E+0	84.524434E+0
1.600000E+0	10.100000E+0	3.605186E+0	30.000000E+0	78.921988E+0
1.700000E+0	10.100000E+0	3.862921E+0	30.000000E+0	78.835082E+0
1.800000E+0	10.100000E+0	4.157476E+0	30.000000E+0	76.881435E+0
1.900000E+0	10.100000E+0	4.415212E+0	30.000000E+0	74.530138E+0
2.000000E+0	10.100000E+0	4.617718E+0	30.000000E+0	72.521262E+0
2.100000E+0	10.100000E+0	4.820225E+0	30.000000E+0	71.044425E+0
2.200000E+0	10.100000E+0	5.151599E+0	30.000000E+0	69.547338E+0
2.300000E+0	10.100000E+0	5.593431E+0	30.000000E+0	66.728436E+0
2.400000E+0	10.100000E+0	5.795938E+0	30.000000E+0	62.760769E+0
2.500000E+0	10.100000E+0	5.851167E+0	30.000000E+0	61.166111E+0
2.600000E+0	10.100000E+0	6.072083E+0	30.000000E+0	61.038704E+0
2.700000E+0	10.100000E+0	6.182541E+0	30.000000E+0	59.232334E+0
2.800000E+0	10.100000E+0	6.237770E+0	30.000000E+0	58.519499E+0
2.900000E+0	10.100000E+0	6.385048E+0	30.000000E+0	58.353431E+0
3.000000E+0	10.100000E+0	6.808470E+0	30.000000E+0	57.252152E+0
3.100000E+0	10.100000E+0	6.882109E+0	30.000000E+0	53.347079E+0
3.200000E+0	10.100000E+0	6.918928E+0	30.000000E+0	52.932481E+0
3.300000E+0	10.100000E+0	7.047796E+0	30.000000E+0	52.882394E+0
3.400000E+0	10.100000E+0	7.250303E+0	30.000000E+0	51.898937E+0
3.500000E+0	10.100000E+0	7.508038E+0	30.000000E+0	50.158842E+0
3.600000E+0	10.100000E+0	7.673725E+0	30.000000E+0	47.840683E+0
3.700000E+0	10.100000E+0	7.728954E+0	30.000000E+0	46.426439E+0
3.800000E+0	10.100000E+0	7.949870E+0	30.000000E+0	46.111253E+0
3.900000E+0	10.100000E+0	8.078738E+0	30.000000E+0	44.117105E+0
4.000000E+0	10.100000E+0	8.115557E+0	30.000000E+0	43.030553E+0
4.100000E+0	10.100000E+0	8.391703E+0	30.000000E+0	42.860804E+0
4.200000E+0	10.100000E+0	8.612619E+0	30.000000E+0	40.270182E+0
4.300000E+0	10.100000E+0	8.520570E+0	30.000000E+0	38.209758E+0
4.400000E+0	10.100000E+0	8.759896E+0	30.000000E+0	39.288185E+0
4.500000E+0	10.100000E+0	8.851945E+0	30.000000E+0	37.028937E+0
4.600000E+0	10.100000E+0	8.925583E+0	30.000000E+0	36.233258E+0
4.700000E+0	10.100000E+0	8.815125E+0	30.000000E+0	35.614313E+0
4.800000E+0	10.100000E+0	9.036041E+0	30.000000E+0	36.847381E+0
4.900000E+0	10.100000E+0	9.164909E+0	30.000000E+0	34.744615E+0
5.000000E+0	10.100000E+0	9.256958E+0	30.000000E+0	33.549447E+0
5.100000E+0	10.100000E+0	9.330596E+0	30.000000E+0	32.713267E+0
5.200000E+0	10.100000E+0	9.349006E+0	30.000000E+0	32.053820E+0
5.300000E+0	10.100000E+0	9.441054E+0	30.000000E+0	31.944823E+0
5.400000E+0	10.100000E+0	9.441054E+0	30.000000E+0	31.090233E+0
5.500000E+0	10.100000E+0	9.569922E+0	30.000000E+0	31.156128E+0
5.600000E+0	10.100000E+0	9.643561E+0	30.000000E+0	29.920458E+0
5.700000E+0	10.100000E+0	9.735609E+0	30.000000E+0	29.229715E+0
5.800000E+0	10.100000E+0	9.864477E+0	30.000000E+0	28.345670E+0
5.900000E+0	10.100000E+0	10.030164E+0	30.000000E+0	27.080545E+0
6.000000E+0	10.100000E+0	10.085393E+0	30.000000E+0	25.430657E+0
6.100000E+0	10.100000E+0	10.140622E+0	30.000000E+0	24.879827E+0
6.200000E+0	10.100000E+0	10.232671E+0	30.000000E+0	24.323475E+0
6.300000E+0	10.100000E+0	10.324719E+0	30.000000E+0	23.389723E+0
6.400000E+0	10.100000E+0	10.398358E+0	30.000000E+0	22.446768E+0
6.500000E+0	10.100000E+0	10.453587E+0	30.000000E+0	21.680545E+0
6.600000E+0	10.100000E+0	10.564045E+0	30.000000E+0	21.092895E+0
6.700000E+0	10.100000E+0	10.674503E+0	30.000000E+0	19.941910E+0
6.800000E+0	10.100000E+0	10.748142E+0	30.000000E+0	18.779879E+0
6.900000E+0	10.100000E+0	10.803371E+0	30.000000E+0	17.978678E+0
7.000000E+0	10.100000E+0	10.895419E+0	30.000000E+0	17.356050E+0
7.100000E+0	10.100000E+0	10.895419E+0	30.000000E+0	16.356024E+0
7.200000E+0	10.100000E+0	10.932239E+0	30.000000E+0	16.276482E+0
7.300000E+0	10.100000E+0	10.950648E+0	30.000000E+0	15.825065E+0
7.400000E+0	10.100000E+0	10.969058E+0	30.000000E+0	15.555903E+0
7.500000E+0	10.100000E+0	10.987468E+0	30.000000E+0	15.284901E+0
7.600000E+0	10.100000E+0	11.061106E+0	30.000000E+0	15.012057E+0
7.700000E+0	10.100000E+0	11.134745E+0	30.000000E+0	14.179559E+0
7.800000E+0	10.100000E+0	11.171564E+0	30.000000E+0	13.339697E+0
7.900000E+0	10.100000E+0	11.208384E+0	30.000000E+0	12.864347E+0
8.000000E+0	10.100000E+0	11.282022E+0	30.000000E+0	12.385315E+0
8.100000E+0	10.100000E+0	11.300432E+0	30.000000E+0	11.530726E+0
8.200000E+0	10.100000E+0	11.318842E+0	30.000000E+0	11.226586E+0
8.300000E+0	10.100000E+0	11.429300E+0	30.000000E+0	10.920605E+0
8.400000E+0	10.100000E+0	11.429300E+0	30.000000E+0	9.683094E+0
8.500000E+0	10.100000E+0	11.410890E+0	30.000000E+0	9.550164E+0
8.600000E+0	10.100000E+0	11.484529E+0	30.000000E+0	9.603172E+0
8.700000E+0	10.100000E+0	11.447710E+0	30.000000E+0	8.728332E+0
8.800000E+0	10.100000E+0	11.484529E+0	30.000000E+0	8.961755E+0
8.900000E+0	10.100000E+0	11.558168E+0	30.000000E+0	8.455108E+0
9.000000E+0	10.100000E+0	11.594987E+0	30.000000E+0	7.572904E+0
9.100000E+0	10.100000E+0	11.594987E+0	30.000000E+0	7.055212E+0
9.200000E+0	10.100000E+0	11.613397E+0	30.000000E+0	6.905713E+0
9.300000E+0	10.100000E+0	11.742264E+0	30.000000E+0	6.570277E+0
9.400000E+0	10.100000E+0	11.760674E+0	30.000000E+0	5.117373E+0
9.500000E+0	10.100000E+0	11.705445E+0	30.000000E+0	4.767208E+0
9.600000E+0	10.100000E+0	11.760674E+0	30.000000E+0	5.158954E+0
9.700000E+0	10.100000E+0	11.760674E+0	30.000000E+0	4.440596E+0
9.800000E+0	10.100000E+0	11.742264E+0	30.000000E+0	4.274529E+0
9.900000E+0	10.100000E+0	11.779084E+0	30.000000E+0	4.294399E+0
10.000000E+0	10.100000E+0	11.834313E+0	30.000000E+0	3.758297E+0
10.100000E+0	10.100000E+0	11.852723E+0	30.000000E+0	3.032576E+0
10.200000E+0	10.100000E+0	11.834313E+0	30.000000E+0	2.673207E+0
10.300000E+0	10.100000E+0	11.889542E+0	30.000000E+0	2.683872E+0
10.400000E+0	10.100000E+0	11.871132E+0	30.000000E+0	1.952627E+0
10.500000E+0	10.100000E+0	11.889542E+0	30.000000E+0	1.959611E+0
10.600000E+0	10.100000E+0	11.871132E+0	30.000000E+0	1.596560E+0
10.700000E+0	10.100000E+0	11.871132E+0	30.000000E+0	1.603544E+0
10.800000E+0	10.100000E+0	11.871132E+0	30.000000E+0	1.426430E+0
10.900000E+0	10.100000E+0	11.871132E+0	30.000000E+0	1.249317E+0
11.000000E+0	10.100000E+0	11.871132E+0	30.000000E+0	1.072204E+0
11.100000E+0	10.100000E+0	11.926361E+0	30.000000E+0	895.090752E-3
11.200000E+0	10.100000E+0	11.926361E+0	30.000000E+0	160.164218E-3
11.300000E+0	10.100000E+0	11.907952E+0	30.000000E+0	-22.471910E-3
11.400000E+0	10.100000E+0	11.944771E+0	30.000000E+0	-19.170268E-3
11.500000E+0	10.100000E+0	11.926361E+0	30.000000E+0	-571.840968E-3
11.600000E+0	10.100000E+0	11.944771E+0	30.000000E+0	-570.380294E-3
11.700000E+0	10.100000E+0	11.926361E+0	30.000000E+0	-938.954192E-3
11.800000E+0	10.100000E+0	11.944771E+0	30.000000E+0	-937.493518E-3
11.900000E+0	10.100000E+0	11.926361E+0	30.000000E+0	-1.306067E+0
12.000000E+0	10.100000E+0	11.926361E+0	30.000000E+0	-1.304607E+0
12.100000E+0	10.100000E+0	11.926361E+0	30.000000E+0	-1.487243E+0
12.200000E+0	10.100000E+0	11.907952E+0	30.000000E+0	-1.669879E+0
12.300000E+0	10.100000E+0	11.926361E+0	30.000000E+0	-1.666577E+0
12.400000E+0	10.100000E+0	11.907952E+0	30.000000E+0	-2.033310E+0
12.500000E+0	10.100000E+0	11.926361E+0	30.000000E+0	-2.030009E+0
12.600000E+0	10.100000E+0	11.926361E+0	30.000000E+0	-2.396742E+0
12.700000E+0	10.100000E+0	11.926361E+0	30.000000E+0	-2.579378E+0
12.800000E+0	10.100000E+0	11.926361E+0	30.000000E+0	-2.762014E+0
12.900000E+0	10.100000E+0	11.907952E+0	30.000000E+0	-2.944650E+0
13.000000E+0	10.100000E+0	11.889542E+0	30.000000E+0	-2.941348E+0
13.100000E+0	10.100000E+0	11.889542E+0	30.000000E+0	-2.936206E+0
13.200000E+0	10.100000E+0	11.871132E+0	30.000000E+0	-3.115160E+0
13.300000E+0	10.100000E+0	11.871132E+0	30.000000E+0	-3.108176E+0
13.400000E+0	10.100000E+0	11.871132E+0	30.000000E+0	-3.285290E+0
13.500000E+0	10.100000E+0	11.871132E+0	30.000000E+0	-3.462403E+0
13.600000E+0	10.100000E+0	11.871132E+0	30.000000E+0	-3.639516E+0
13.700000E+0	10.100000E+0	11.871132E+0	30.000000E+0	-3.816629E+0
13.800000E+0	10.100000E+0	11.852723E+0	30.000000E+0	-3.993742E+0
13.900000E+0	10.100000E+0	11.834313E+0	30.000000E+0	-3.984918E+0
14.000000E+0	10.100000E+0	11.852723E+0	30.000000E+0	-3.974252E+0
14.100000E+0	10.100000E+0	11.834313E+0	30.000000E+0	-4.333621E+0
14.200000E+0	10.100000E+0	11.834313E+0	30.000000E+0	-4.322956E+0
14.300000E+0	10.100000E+0	11.815903E+0	30.000000E+0	-4.496387E+0
14.400000E+0	10.100000E+0	11.797494E+0	30.000000E+0	-4.483881E+0
14.500000E+0	10.100000E+0	11.797494E+0	30.000000E+0	-4.469533E+0
14.600000E+0	10.100000E+0	11.779084E+0	30.000000E+0	-4.639283E+0
14.700000E+0	10.100000E+0	11.779084E+0	30.000000E+0	-4.623094E+0
14.800000E+0	10.100000E+0	11.779084E+0	30.000000E+0	-4.791003E+0
14.900000E+0	10.100000E+0	11.779084E+0	30.000000E+0	-4.958911E+0
15.000000E+0	10.100000E+0	11.760674E+0	30.000000E+0	-5.126819E+0
15.100000E+0	10.100000E+0	11.742264E+0	30.000000E+0	-5.108790E+0
15.200000E+0	10.100000E+0	11.742264E+0	30.000000E+0	-5.088920E+0
15.300000E+0	10.100000E+0	11.723855E+0	30.000000E+0	-5.253146E+0
15.400000E+0	10.100000E+0	11.723855E+0	30.000000E+0	-5.231435E+0
15.500000E+0	10.100000E+0	11.723855E+0	30.000000E+0	-5.393820E+0
15.600000E+0	10.100000E+0	11.723855E+0	30.000000E+0	-5.556206E+0
15.700000E+0	10.100000E+0	11.705445E+0	30.000000E+0	-5.718591E+0
15.800000E+0	10.100000E+0	11.705445E+0	30.000000E+0	-5.695039E+0
15.900000E+0	10.100000E+0	11.705445E+0	30.000000E+0	-5.855583E+0
16.000000E+0	10.100000E+0	11.687035E+0	30.000000E+0	-6.016128E+0
16.100000E+0	10.100000E+0	11.687035E+0	30.000000E+0	-5.990735E+0
16.200000E+0	10.100000E+0	11.668626E+0	30.000000E+0	-6.149438E+0
16.300000E+0	10.100000E+0	11.650216E+0	30.000000E+0	-6.122204E+0
16.400000E+0	10.100000E+0	11.650216E+0	30.000000E+0	-6.093129E+0
16.500000E+0	10.100000E+0	11.631806E+0	30.000000E+0	-6.248150E+0
16.600000E+0	10.100000E+0	11.631806E+0	30.000000E+0	-6.217234E+0
16.700000E+0	10.100000E+0	11.613397E+0	30.000000E+0	-6.370415E+0
16.800000E+0	10.100000E+0	11.594987E+0	30.000000E+0	-6.337658E+0
16.900000E+0	10.100000E+0	11.576577E+0	30.000000E+0	-6.303060E+0
17.000000E+0	10.100000E+0	11.576577E+0	30.000000E+0	-6.266621E+0
17.100000E+0	10.100000E+0	11.576577E+0	30.000000E+0	-6.414278E+0
17.200000E+0	10.100000E+0	11.558168E+0	30.000000E+0	-6.561936E+0
17.300000E+0	10.100000E+0	11.558168E+0	30.000000E+0	-6.523656E+0
17.400000E+0	10.100000E+0	11.539758E+0	30.000000E+0	-6.669473E+0
17.500000E+0	10.100000E+0	11.521348E+0	30.000000E+0	-6.629352E+0
17.600000E+0	10.100000E+0	11.521348E+0	30.000000E+0	-6.587390E+0
17.700000E+0	10.100000E+0	11.502939E+0	30.000000E+0	-6.729525E+0
17.800000E+0	10.100000E+0	11.484529E+0	30.000000E+0	-6.640078E+0
17.900000E+0	10.100000E+0	11.466119E+0	30.000000E+0	-6.592593E+0
18.000000E+0	10.100000E+0	11.466119E+0	30.000000E+0	-6.592593E+0
18.100000E+0	10.100000E+0	11.429300E+0	30.000000E+0	-6.729205E+0
18.200000E+0	10.100000E+0	11.410890E+0	30.000000E+0	-6.493941E+0
18.300000E+0	10.100000E+0	11.410890E+0	30.000000E+0	-6.440933E+0
18.400000E+0	10.100000E+0	11.410890E+0	30.000000E+0	-6.572022E+0
18.500000E+0	10.100000E+0	11.392481E+0	30.000000E+0	-6.703111E+0
18.600000E+0	10.100000E+0	11.374071E+0	30.000000E+0	-6.648263E+0
18.700000E+0	10.100000E+0	11.355661E+0	30.000000E+0	-6.591573E+0
18.800000E+0	10.100000E+0	11.355661E+0	30.000000E+0	-6.533042E+0
18.900000E+0	10.100000E+0	11.318842E+0	30.000000E+0	-6.658608E+0
19.000000E+0	10.100000E+0	11.282022E+0	30.000000E+0	-6.412299E+0
19.100000E+0	10.100000E+0	11.282022E+0	30.000000E+0	-6.162308E+0
19.200000E+0	10.100000E+0	11.263613E+0	30.000000E+0	-6.280510E+0
19.300000E+0	10.100000E+0	11.245203E+0	30.000000E+0	-6.212774E+0
19.400000E+0	10.100000E+0	11.208384E+0	30.000000E+0	-6.143198E+0
19.500000E+0	10.100000E+0	11.171564E+0	30.000000E+0	-5.885843E+0
19.600000E+0	10.100000E+0	11.171564E+0	30.000000E+0	-5.624806E+0
19.700000E+0	10.100000E+0	11.171564E+0	30.000000E+0	-5.731962E+0
19.800000E+0	10.100000E+0	11.134745E+0	30.000000E+0	-5.839118E+0
19.900000E+0	10.100000E+0	11.097926E+0	30.000000E+0	-5.574399E+0
20.000000E+0	10.100000E+0	11.097926E+0	30.000000E+0	-5.305998E+0
20.100000E+0	10.100000E+0	11.097926E+0	30.000000E+0	-5.405791E+0
20.200000E+0	10.100000E+0	11.061106E+0	30.000000E+0	-5.505583E+0
20.300000E+0	10.100000E+0	11.042697E+0	30.000000E+0	-5.233500E+0
20.400000E+0	10.100000E+0	11.042697E+0	30.000000E+0	-5.143673E+0
20.500000E+0	10.100000E+0	11.024287E+0	30.000000E+0	-5.237943E+0
20.600000E+0	10.100000E+0	11.005877E+0	30.000000E+0	-5.146275E+0
20.700000E+0	10.100000E+0	10.987468E+0	30.000000E+0	-5.052766E+0
20.800000E+0	10.100000E+0	10.969058E+0	30.000000E+0	-4.957416E+0
20.900000E+0	10.100000E+0	10.950648E+0	30.000000E+0	-4.860225E+0
21.000000E+0	10.100000E+0	10.969058E+0	30.000000E+0	-4.761193E+0
21.100000E+0	10.100000E+0	10.877010E+0	30.000000E+0	-5.032195E+0
21.200000E+0	10.100000E+0	10.840190E+0	30.000000E+0	-4.189412E+0
21.300000E+0	10.100000E+0	10.766551E+0	30.000000E+0	-3.895238E+0
21.400000E+0	10.100000E+0	10.692913E+0	30.000000E+0	-3.225506E+0
21.500000E+0	10.100000E+0	10.600864E+0	30.000000E+0	-2.548410E+0
21.600000E+0	10.100000E+0	10.527226E+0	30.000000E+0	-1.678012E+0
21.700000E+0	10.100000E+0	10.508816E+0	30.000000E+0	-984.347450E-3
21.800000E+0	10.100000E+0	10.435177E+0	30.000000E+0	-841.132239E-3
21.900000E+0	10.100000E+0	10.379948E+0	30.000000E+0	-138.262748E-3
22.000000E+0	10.100000E+0	10.306309E+0	30.000000E+0	386.032844E-3
22.100000E+0	10.100000E+0	10.251080E+0	30.000000E+0	1.101789E+0
22.200000E+0	10.100000E+0	10.159032E+0	30.000000E+0	1.638971E+0
22.300000E+0	10.100000E+0	10.103803E+0	30.000000E+0	2.553552E+0
22.400000E+0	10.100000E+0	10.030164E+0	30.000000E+0	3.105462E+0
22.500000E+0	10.100000E+0	9.993345E+0	30.000000E+0	3.848833E+0
22.600000E+0	10.100000E+0	9.919706E+0	30.000000E+0	4.227692E+0
22.700000E+0	10.100000E+0	9.882887E+0	30.000000E+0	4.982109E+0
22.800000E+0	10.100000E+0	9.827658E+0	30.000000E+0	5.372014E+0
22.900000E+0	10.100000E+0	9.790838E+0	30.000000E+0	5.951538E+0
23.000000E+0	10.100000E+0	9.717200E+0	30.000000E+0	6.350648E+0
23.100000E+0	10.100000E+0	9.661971E+0	30.000000E+0	7.125315E+0
23.200000E+0	10.100000E+0	9.625151E+0	30.000000E+0	7.721409E+0
23.300000E+0	10.100000E+0	9.606742E+0	30.000000E+0	8.137087E+0
23.400000E+0	10.100000E+0	9.588332E+0	30.000000E+0	8.370510E+0
23.500000E+0	10.100000E+0	9.496283E+0	30.000000E+0	8.605774E+0
23.600000E+0	10.100000E+0	9.514693E+0	30.000000E+0	9.586629E+0
23.700000E+0	10.100000E+0	9.441054E+0	30.000000E+0	9.461063E+0
23.800000E+0	10.100000E+0	9.349006E+0	30.000000E+0	10.263345E+0
23.900000E+0	10.100000E+0	9.349006E+0	30.000000E+0	11.258928E+0
24.000000E+0	10.100000E+0	9.349006E+0	30.000000E+0	11.334028E+0
24.100000E+0	10.100000E+0	9.220138E+0	30.000000E+0	11.409127E+0
24.200000E+0	10.100000E+0	9.091271E+0	30.000000E+0	12.785791E+0
24.300000E+0	10.100000E+0	9.146500E+0	30.000000E+0	14.175341E+0
24.400000E+0	10.100000E+0	9.128090E+0	30.000000E+0	13.718401E+0
24.500000E+0	10.100000E+0	9.109680E+0	30.000000E+0	13.999689E+0
24.600000E+0	10.100000E+0	9.072861E+0	30.000000E+0	14.282818E+0
24.700000E+0	10.100000E+0	9.054451E+0	30.000000E+0	14.753725E+0
24.800000E+0	10.100000E+0	9.072861E+0	30.000000E+0	15.042377E+0
24.900000E+0	10.100000E+0	9.036041E+0	30.000000E+0	14.960994E+0
25.000000E+0	10.100000E+0	9.036041E+0	30.000000E+0	15.435583E+0
25.100000E+0	10.100000E+0	8.980812E+0	30.000000E+0	15.541979E+0
25.200000E+0	10.100000E+0	8.980812E+0	30.000000E+0	16.206188E+0
25.300000E+0	10.100000E+0	9.017632E+0	30.000000E+0	16.318107E+0
25.400000E+0	10.100000E+0	8.962403E+0	30.000000E+0	16.058150E+0
25.500000E+0	10.100000E+0	8.999222E+0	30.000000E+0	16.724201E+0
25.600000E+0	10.100000E+0	8.980812E+0	30.000000E+0	16.466085E+0
25.700000E+0	10.100000E+0	8.962403E+0	30.000000E+0	16.762100E+0
25.800000E+0	10.100000E+0	8.943993E+0	30.000000E+0	17.059957E+0
25.900000E+0	10.100000E+0	9.036041E+0	30.000000E+0	17.359654E+0
26.000000E+0	10.100000E+0	8.980812E+0	30.000000E+0	16.545566E+0
26.100000E+0	10.100000E+0	8.943993E+0	30.000000E+0	17.209775E+0
26.200000E+0	10.100000E+0	9.017632E+0	30.000000E+0	17.693570E+0
26.300000E+0	10.100000E+0	8.907174E+0	30.000000E+0	17.065419E+0
26.400000E+0	10.100000E+0	8.870354E+0	30.000000E+0	18.289283E+0
26.500000E+0	10.100000E+0	8.870354E+0	30.000000E+0	18.780441E+0
26.600000E+0	10.100000E+0	8.851945E+0	30.000000E+0	18.903405E+0
26.700000E+0	10.100000E+0	8.851945E+0	30.000000E+0	19.212308E+0
26.800000E+0	10.100000E+0	8.907174E+0	30.000000E+0	19.337113E+0
26.900000E+0	10.100000E+0	8.943993E+0	30.000000E+0	18.904105E+0
27.000000E+0	10.100000E+0	8.870354E+0	30.000000E+0	18.651513E+0
27.100000E+0	10.100000E+0	8.833535E+0	30.000000E+0	19.510864E+0
27.200000E+0	10.100000E+0	8.870354E+0	30.000000E+0	20.005704E+0
27.300000E+0	10.100000E+0	8.888764E+0	30.000000E+0	19.760475E+0
27.400000E+0	10.100000E+0	8.907174E+0	30.000000E+0	19.697502E+0
27.500000E+0	10.100000E+0	8.925583E+0	30.000000E+0	19.632688E+0
27.600000E+0	10.100000E+0	8.870354E+0	30.000000E+0	19.566033E+0
27.700000E+0	10.100000E+0	8.888764E+0	30.000000E+0	20.241288E+0
27.800000E+0	10.100000E+0	8.851945E+0	30.000000E+0	20.178315E+0
27.900000E+0	10.100000E+0	8.962403E+0	30.000000E+0	20.671314E+0
28.000000E+0	10.100000E+0	8.870354E+0	30.000000E+0	19.680493E+0
28.100000E+0	10.100000E+0	8.907174E+0	30.000000E+0	20.723941E+0
28.200000E+0	10.100000E+0	8.796716E+0	30.000000E+0	20.475030E+0
28.300000E+0	10.100000E+0	8.870354E+0	30.000000E+0	21.709939E+0
28.400000E+0	10.100000E+0	8.833535E+0	30.000000E+0	21.096517E+0
28.500000E+0	10.100000E+0	8.888764E+0	30.000000E+0	21.591357E+0
28.600000E+0	10.100000E+0	8.815125E+0	30.000000E+0	21.160190E+0
28.700000E+0	10.100000E+0	8.778306E+0	30.000000E+0	22.025065E+0
28.800000E+0	10.100000E+0	8.778306E+0	30.000000E+0	22.525428E+0
28.900000E+0	10.100000E+0	8.796716E+0	30.000000E+0	22.657597E+0
29.000000E+0	10.100000E+0	8.796716E+0	30.000000E+0	22.603829E+0
29.100000E+0	10.100000E+0	8.741487E+0	30.000000E+0	22.734157E+0
29.200000E+0	10.100000E+0	8.723077E+0	30.000000E+0	23.422299E+0
29.300000E+0	10.100000E+0	8.741487E+0	30.000000E+0	23.744088E+0
29.400000E+0	10.100000E+0	8.723077E+0	30.000000E+0	23.695843E+0
29.500000E+0	10.100000E+0	8.723077E+0	30.000000E+0	24.017632E+0
29.600000E+0	10.100000E+0	8.704667E+0	30.000000E+0	24.155324E+0
29.700000E+0	10.100000E+0	8.741487E+0	30.000000E+0	24.478954E+0
29.800000E+0	10.100000E+0	8.796716E+0	30.000000E+0	24.246612E+0
29.900000E+0	10.100000E+0	8.815125E+0	30.000000E+0	23.824650E+0
30.000000E+0	10.100000E+0	8.778306E+0	30.000000E+0	23.769041E+0
30.100000E+0	10.100000E+0	8.851945E+0	30.000000E+0	24.269404E+0
30.200000E+0	10.100000E+0	8.888764E+0	30.000000E+0	23.657822E+0
30.300000E+0	10.100000E+0	8.888764E+0	30.000000E+0	23.410752E+0
30.400000E+0	10.100000E+0	8.870354E+0	30.000000E+0	23.531876E+0
30.500000E+0	10.100000E+0	8.833535E+0	30.000000E+0	23.838937E+0
30.600000E+0	10.100000E+0	8.888764E+0	30.000000E+0	24.333777E+0
30.700000E+0	10.100000E+0	8.888764E+0	30.000000E+0	23.902610E+0
30.800000E+0	10.100000E+0	8.833535E+0	30.000000E+0	24.023734E+0
30.900000E+0	10.100000E+0	8.851945E+0	30.000000E+0	24.702671E+0
31.000000E+0	10.100000E+0	8.833535E+0	30.000000E+0	24.643379E+0
31.100000E+0	10.100000E+0	8.888764E+0	30.000000E+0	24.954123E+0
31.200000E+0	10.100000E+0	8.851945E+0	30.000000E+0	24.522956E+0
31.300000E+0	10.100000E+0	8.888764E+0	30.000000E+0	25.015955E+0
31.400000E+0	10.100000E+0	8.870354E+0	30.000000E+0	24.768885E+0
31.500000E+0	10.100000E+0	8.833535E+0	30.000000E+0	25.075946E+0
31.600000E+0	10.100000E+0	8.796716E+0	30.000000E+0	25.570787E+0
31.700000E+0	10.100000E+0	8.833535E+0	30.000000E+0	26.069309E+0
31.800000E+0	10.100000E+0	8.925583E+0	30.000000E+0	25.827761E+0
31.900000E+0	10.100000E+0	8.888764E+0	30.000000E+0	25.024719E+0
32.000000E+0	10.100000E+0	8.907174E+0	30.000000E+0	25.514036E+0
32.100000E+0	10.100000E+0	8.907174E+0	30.000000E+0	25.449222E+0
32.200000E+0	10.100000E+0	8.962403E+0	30.000000E+0	25.568505E+0
32.300000E+0	10.100000E+0	8.999222E+0	30.000000E+0	25.129974E+0
32.400000E+0	10.100000E+0	8.999222E+0	30.000000E+0	24.871858E+0
32.500000E+0	10.100000E+0	8.999222E+0	30.000000E+0	24.981936E+0
32.600000E+0	10.100000E+0	9.054451E+0	30.000000E+0	25.092014E+0
32.700000E+0	10.100000E+0	9.054451E+0	30.000000E+0	24.644278E+0
32.800000E+0	10.100000E+0	9.054451E+0	30.000000E+0	24.748833E+0
32.900000E+0	10.100000E+0	9.054451E+0	30.000000E+0	24.853388E+0
33.000000E+0	10.100000E+0	9.036041E+0	30.000000E+0	24.957943E+0
33.100000E+0	10.100000E+0	9.072861E+0	30.000000E+0	25.248436E+0
33.200000E+0	10.100000E+0	9.017632E+0	30.000000E+0	24.982956E+0
33.300000E+0	10.100000E+0	9.072861E+0	30.000000E+0	25.643483E+0
33.400000E+0	10.100000E+0	9.109680E+0	30.000000E+0	25.193907E+0
33.500000E+0	10.100000E+0	9.109680E+0	30.000000E+0	24.924745E+0
33.600000E+0	10.100000E+0	9.109680E+0	30.000000E+0	25.023777E+0
33.700000E+0	10.100000E+0	9.220138E+0	30.000000E+0	25.122809E+0
33.800000E+0	10.100000E+0	9.146500E+0	30.000000E+0	24.106214E+0
33.900000E+0	10.100000E+0	9.072861E+0	30.000000E+0	24.937952E+0
34.000000E+0	10.100000E+0	9.128090E+0	30.000000E+0	25.777053E+0
34.100000E+0	10.100000E+0	9.201729E+0	30.000000E+0	25.321953E+0
34.200000E+0	10.100000E+0	9.164909E+0	30.000000E+0	24.675393E+0
34.300000E+0	10.100000E+0	9.128090E+0	30.000000E+0	25.137096E+0
34.400000E+0	10.100000E+0	9.220138E+0	30.000000E+0	25.602481E+0
34.500000E+0	10.100000E+0	9.349006E+0	30.000000E+0	24.769983E+0
34.600000E+0	10.100000E+0	9.441054E+0	30.000000E+0	23.556404E+0
34.700000E+0	10.100000E+0	9.496283E+0	30.000000E+0	22.701815E+0
34.800000E+0	10.100000E+0	9.643561E+0	30.000000E+0	22.209896E+0
34.900000E+0	10.100000E+0	9.772429E+0	30.000000E+0	20.782766E+0
35.000000E+0	10.100000E+0	9.809248E+0	30.000000E+0	19.526845E+0
35.100000E+0	10.100000E+0	9.882887E+0	30.000000E+0	19.187727E+0
35.200000E+0	10.100000E+0	9.919706E+0	30.000000E+0	18.473051E+0
35.300000E+0	10.100000E+0	9.993345E+0	30.000000E+0	18.122887E+0
35.400000E+0	10.100000E+0	10.030164E+0	30.000000E+0	17.397165E+0
35.500000E+0	10.100000E+0	10.085393E+0	30.000000E+0	17.035955E+0
35.600000E+0	10.100000E+0	10.140622E+0	30.000000E+0	16.485125E+0
35.700000E+0	10.100000E+0	10.122213E+0	30.000000E+0	15.928773E+0
35.800000E+0	10.100000E+0	10.122213E+0	30.000000E+0	16.110648E+0
35.900000E+0	10.100000E+0	10.140622E+0	30.000000E+0	16.108427E+0
36.000000E+0	10.100000E+0	10.159032E+0	30.000000E+0	15.920268E+0
36.100000E+0	10.100000E+0	10.214261E+0	30.000000E+0	15.730268E+0
36.200000E+0	10.100000E+0	10.251080E+0	30.000000E+0	15.166551E+0
36.300000E+0	10.100000E+0	10.287900E+0	30.000000E+0	14.783250E+0
36.400000E+0	10.100000E+0	10.379948E+0	30.000000E+0	14.396266E+0
36.500000E+0	10.100000E+0	10.398358E+0	30.000000E+0	13.447787E+0
36.600000E+0	10.100000E+0	10.435177E+0	30.000000E+0	13.233855E+0
36.700000E+0	10.100000E+0	10.416768E+0	30.000000E+0	12.832143E+0
36.800000E+0	10.100000E+0	10.435177E+0	30.000000E+0	12.984564E+0
36.900000E+0	10.100000E+0	10.527226E+0	30.000000E+0	12.766949E+0
37.000000E+0	10.100000E+0	10.619274E+0	30.000000E+0	11.803742E+0
37.100000E+0	10.100000E+0	10.619274E+0	30.000000E+0	10.831331E+0
37.200000E+0	10.100000E+0	10.656093E+0	30.000000E+0	10.779404E+0
37.300000E+0	10.100000E+0	10.692913E+0	30.000000E+0	10.355601E+0
37.400000E+0	10.100000E+0	10.692913E+0	30.000000E+0	9.928116E+0
37.500000E+0	10.100000E+0	10.692913E+0	30.000000E+0	9.868825E+0
37.600000E+0	10.100000E+0	10.729732E+0	30.000000E+0	9.809533E+0
37.700000E+0	10.100000E+0	10.784961E+0	30.000000E+0	9.378366E+0
37.800000E+0	10.100000E+0	10.766551E+0	30.000000E+0	8.757580E+0
37.900000E+0	10.100000E+0	10.895419E+0	30.000000E+0	8.875022E+0
38.000000E+0	10.100000E+0	10.895419E+0	30.000000E+0	7.506802E+0
38.100000E+0	10.100000E+0	10.877010E+0	30.000000E+0	7.427260E+0
38.200000E+0	10.100000E+0	10.932239E+0	30.000000E+0	7.533656E+0
38.300000E+0	10.100000E+0	10.987468E+0	30.000000E+0	6.898142E+0
38.400000E+0	10.100000E+0	11.024287E+0	30.000000E+0	6.257105E+0
38.500000E+0	10.100000E+0	10.987468E+0	30.000000E+0	5.796482E+0
38.600000E+0	10.100000E+0	11.097926E+0	30.000000E+0	6.075929E+0
38.700000E+0	10.100000E+0	11.134745E+0	30.000000E+0	4.871556E+0
38.800000E+0	10.100000E+0	11.116335E+0	30.000000E+0	4.399888E+0
38.900000E+0	10.100000E+0	11.116335E+0	30.000000E+0	4.482351E+0
39.000000E+0	10.100000E+0	11.171564E+0	30.000000E+0	4.380717E+0
39.100000E+0	10.100000E+0	11.226793E+0	30.000000E+0	3.721271E+0
39.200000E+0	10.100000E+0	11.189974E+0	30.000000E+0	3.056301E+0
39.300000E+0	10.100000E+0	11.189974E+0	30.000000E+0	3.315497E+0
39.400000E+0	10.100000E+0	11.208384E+0	30.000000E+0	3.206500E+0
39.500000E+0	10.100000E+0	11.208384E+0	30.000000E+0	2.911564E+0
39.600000E+0	10.100000E+0	11.245203E+0	30.000000E+0	2.800726E+0
39.700000E+0	10.100000E+0	11.208384E+0	30.000000E+0	2.318012E+0
39.800000E+0	10.100000E+0	11.208384E+0	30.000000E+0	2.575367E+0
39.900000E+0	10.100000E+0	11.208384E+0	30.000000E+0	2.464529E+0
40.000000E+0	10.100000E+0	11.226793E+0	30.000000E+0	2.353691E+0
40.100000E+0	10.100000E+0	11.245203E+0	30.000000E+0	2.056914E+0
40.200000E+0	10.100000E+0	11.245203E+0	30.000000E+0	1.758297E+0
40.300000E+0	10.100000E+0	11.226793E+0	30.000000E+0	1.643777E+0
40.400000E+0	10.100000E+0	11.245203E+0	30.000000E+0	1.715194E+0
40.500000E+0	10.100000E+0	11.263613E+0	30.000000E+0	1.416577E+0
40.600000E+0	10.100000E+0	11.282022E+0	30.000000E+0	1.116119E+0
40.700000E+0	10.100000E+0	11.263613E+0	30.000000E+0	813.820225E-3
40.800000E+0	10.100000E+0	11.318842E+0	30.000000E+0	881.555748E-3
40.900000E+0	10.100000E+0	11.282022E+0	30.000000E+0	207.381158E-3
41.000000E+0	10.100000E+0	11.282022E+0	30.000000E+0	457.372515E-3
41.100000E+0	10.100000E+0	11.282022E+0	30.000000E+0	339.170268E-3
41.200000E+0	10.100000E+0	11.282022E+0	30.000000E+0	220.968021E-3
41.300000E+0	10.100000E+0	11.282022E+0	30.000000E+0	102.765774E-3
41.400000E+0	10.100000E+0	11.282022E+0	30.000000E+0	-15.436474E-3
41.500000E+0	10.100000E+0	11.282022E+0	30.000000E+0	-133.638721E-3
41.600000E+0	10.100000E+0	11.282022E+0	30.000000E+0	-251.840968E-3
41.700000E+0	10.100000E+0	11.300432E+0	30.000000E+0	-370.043215E-3
41.800000E+0	10.100000E+0	11.300432E+0	30.000000E+0	-674.183232E-3
41.900000E+0	10.100000E+0	11.300432E+0	30.000000E+0	-794.226448E-3
42.000000E+0	10.100000E+0	11.300432E+0	30.000000E+0	-914.269663E-3
42.100000E+0	10.100000E+0	11.318842E+0	30.000000E+0	-1.034313E+0
42.200000E+0	10.100000E+0	11.300432E+0	30.000000E+0	-1.340294E+0
42.300000E+0	10.100000E+0	11.318842E+0	30.000000E+0	-1.276240E+0
42.400000E+0	10.100000E+0	11.300432E+0	30.000000E+0	-1.582221E+0
42.500000E+0	10.100000E+0	11.318842E+0	30.000000E+0	-1.518168E+0
42.600000E+0	10.100000E+0	11.300432E+0	30.000000E+0	-1.824149E+0
42.700000E+0	10.100000E+0	11.318842E+0	30.000000E+0	-1.760095E+0
42.800000E+0	10.100000E+0	11.300432E+0	30.000000E+0	-2.066076E+0
42.900000E+0	10.100000E+0	11.300432E+0	30.000000E+0	-2.002022E+0
43.000000E+0	10.100000E+0	11.263613E+0	30.000000E+0	-2.122066E+0
43.100000E+0	10.100000E+0	11.282022E+0	30.000000E+0	-1.870233E+0
43.200000E+0	10.100000E+0	11.263613E+0	30.000000E+0	-2.172532E+0
43.300000E+0	10.100000E+0	11.263613E+0	30.000000E+0	-2.104797E+0
43.400000E+0	10.100000E+0	11.263613E+0	30.000000E+0	-2.221158E+0
43.500000E+0	10.100000E+0	11.245203E+0	30.000000E+0	-2.337519E+0
43.600000E+0	10.100000E+0	11.245203E+0	30.000000E+0	-2.267943E+0
43.700000E+0	10.100000E+0	11.245203E+0	30.000000E+0	-2.382463E+0
43.800000E+0	10.100000E+0	11.245203E+0	30.000000E+0	-2.496984E+0
43.900000E+0	10.100000E+0	11.226793E+0	30.000000E+0	-2.611504E+0
44.000000E+0	10.100000E+0	11.208384E+0	30.000000E+0	-2.540086E+0
44.100000E+0	10.100000E+0	11.226793E+0	30.000000E+0	-2.466828E+0
44.200000E+0	10.100000E+0	11.226793E+0	30.000000E+0	-2.763604E+0
44.300000E+0	10.100000E+0	11.226793E+0	30.000000E+0	-2.876283E+0
44.400000E+0	10.100000E+0	11.208384E+0	30.000000E+0	-2.988963E+0
44.500000E+0	10.100000E+0	11.208384E+0	30.000000E+0	-2.915704E+0
44.600000E+0	10.100000E+0	11.208384E+0	30.000000E+0	-3.026543E+0
44.700000E+0	10.100000E+0	11.189974E+0	30.000000E+0	-3.137381E+0
44.800000E+0	10.100000E+0	11.208384E+0	30.000000E+0	-3.062282E+0
44.900000E+0	10.100000E+0	11.171564E+0	30.000000E+0	-3.357217E+0
45.000000E+0	10.100000E+0	11.189974E+0	30.000000E+0	-3.096180E+0
45.100000E+0	10.100000E+0	11.189974E+0	30.000000E+0	-3.389274E+0
45.200000E+0	10.100000E+0	11.189974E+0	30.000000E+0	-3.498271E+0
45.300000E+0	10.100000E+0	11.171564E+0	30.000000E+0	-3.607269E+0
45.400000E+0	10.100000E+0	11.171564E+0	30.000000E+0	-3.530328E+0
45.500000E+0	10.100000E+0	11.171564E+0	30.000000E+0	-3.637485E+0
45.600000E+0	10.100000E+0	11.153155E+0	30.000000E+0	-3.744641E+0
45.700000E+0	10.100000E+0	11.153155E+0	30.000000E+0	-3.665860E+0
45.800000E+0	10.100000E+0	11.134745E+0	30.000000E+0	-3.771175E+0
45.900000E+0	10.100000E+0	11.153155E+0	30.000000E+0	-3.690553E+0
46.000000E+0	10.100000E+0	11.134745E+0	30.000000E+0	-3.979965E+0
46.100000E+0	10.100000E+0	11.134745E+0	30.000000E+0	-3.899343E+0
46.200000E+0	10.100000E+0	11.116335E+0	30.000000E+0	-4.002818E+0
46.300000E+0	10.100000E+0	11.134745E+0	30.000000E+0	-3.920354E+0
46.400000E+0	10.100000E+0	11.116335E+0	30.000000E+0	-4.207926E+0
46.500000E+0	10.100000E+0	11.116335E+0	30.000000E+0	-4.125462E+0
46.600000E+0	10.100000E+0	11.097926E+0	30.000000E+0	-4.227096E+0
46.700000E+0	10.100000E+0	11.097926E+0	30.000000E+0	-4.142792E+0
46.800000E+0	10.100000E+0	11.097926E+0	30.000000E+0	-4.242584E+0
46.900000E+0	10.100000E+0	11.061106E+0	30.000000E+0	-4.342377E+0
47.000000E+0	10.100000E+0	11.079516E+0	30.000000E+0	-4.070294E+0
47.100000E+0	10.100000E+0	11.079516E+0	30.000000E+0	-4.352342E+0
47.200000E+0	10.100000E+0	11.061106E+0	30.000000E+0	-4.450294E+0
47.300000E+0	10.100000E+0	11.061106E+0	30.000000E+0	-4.362308E+0
47.400000E+0	10.100000E+0	11.042697E+0	30.000000E+0	-4.458418E+0
47.500000E+0	10.100000E+0	11.042697E+0	30.000000E+0	-4.368591E+0
47.600000E+0	10.100000E+0	11.024287E+0	30.000000E+0	-4.462861E+0
47.700000E+0	10.100000E+0	11.024287E+0	30.000000E+0	-4.371193E+0
47.800000E+0	10.100000E+0	11.024287E+0	30.000000E+0	-4.463621E+0
47.900000E+0	10.100000E+0	11.005877E+0	30.000000E+0	-4.556050E+0
48.000000E+0	10.100000E+0	11.005877E+0	30.000000E+0	-4.462541E+0
48.100000E+0	10.100000E+0	10.987468E+0	30.000000E+0	-4.553129E+0
48.200000E+0	10.100000E+0	10.987468E+0	30.000000E+0	-4.457779E+0
48.300000E+0	10.100000E+0	10.969058E+0	30.000000E+0	-4.546525E+0
48.400000E+0	10.100000E+0	10.969058E+0	30.000000E+0	-4.449334E+0
48.500000E+0	10.100000E+0	10.969058E+0	30.000000E+0	-4.536240E+0
48.600000E+0	10.100000E+0	10.950648E+0	30.000000E+0	-4.623146E+0
48.700000E+0	10.100000E+0	10.950648E+0	30.000000E+0	-4.524114E+0
48.800000E+0	10.100000E+0	10.932239E+0	30.000000E+0	-4.609179E+0
48.900000E+0	10.100000E+0	10.913829E+0	30.000000E+0	-4.508306E+0
49.000000E+0	10.100000E+0	10.913829E+0	30.000000E+0	-4.405592E+0
49.100000E+0	10.100000E+0	10.932239E+0	30.000000E+0	-4.486975E+0
49.200000E+0	10.100000E+0	10.913829E+0	30.000000E+0	-4.754296E+0
49.300000E+0	10.100000E+0	10.895419E+0	30.000000E+0	-4.651582E+0
49.400000E+0	10.100000E+0	10.877010E+0	30.000000E+0	-4.547027E+0
49.500000E+0	10.100000E+0	10.877010E+0	30.000000E+0	-4.440631E+0
49.600000E+0	10.100000E+0	10.858600E+0	30.000000E+0	-4.518332E+0
49.700000E+0	10.100000E+0	10.858600E+0	30.000000E+0	-4.410095E+0
