0.000000E+0	10.100000E+0	2.003544E+0	30.000000E+0	24.289369E+0
100.000000E-3	10.100000E+0	2.003544E+0	30.000000E+0	28.337597E+0
200.000000E-3	10.100000E+0	2.003544E+0	30.000000E+0	32.385825E+0
300.000000E-3	10.100000E+0	2.003544E+0	30.000000E+0	36.434054E+0
400.000000E-3	10.100000E+0	2.003544E+0	30.000000E+0	40.482282E+0
500.000000E-3	10.100000E+0	2.003544E+0	30.000000E+0	44.530510E+0
600.000000E-3	10.100000E+0	2.003544E+0	30.000000E+0	48.578738E+0
700.000000E-3	10.100000E+0	2.003544E+0	30.000000E+0	52.626966E+0
800.000000E-3	10.100000E+0	2.003544E+0	30.000000E+0	56.675194E+0
900.000000E-3	10.100000E+0	2.003544E+0	30.000000E+0	60.723423E+0
1.000000E+0	10.100000E+0	2.040363E+0	30.000000E+0	64.771651E+0
1.100000E+0	10.100000E+0	2.279689E+0	30.000000E+0	68.709421E+0
1.200000E+0	10.100000E+0	2.206050E+0	30.000000E+0	72.021262E+0
1.300000E+0	10.100000E+0	2.298099E+0	30.000000E+0	76.152334E+0
1.400000E+0	10.100000E+0	2.426966E+0	30.000000E+0	79.823163E+0
1.500000E+0	10.100000E+0	2.500605E+0	30.000000E+0	83.337511E+0
1.600000E+0	10.100000E+0	2.555834E+0	30.000000E+0	86.953111E+0
1.700000E+0	10.100000E+0	2.776750E+0	30.000000E+0	90.587122E+0
1.800000E+0	10.100000E+0	3.126534E+0	30.000000E+0	93.696456E+0
1.900000E+0	10.100000E+0	3.200173E+0	30.000000E+0	96.308729E+0
2.000000E+0	10.100000E+0	3.770873E+0	30.000000E+0	99.574546E+0
2.100000E+0	10.100000E+0	4.157476E+0	30.000000E+0	101.312360E+0
2.200000E+0	10.100000E+0	4.470441E+0	30.000000E+0	103.317113E+0
2.300000E+0	10.100000E+0	4.728176E+0	30.000000E+0	105.349481E+0
2.400000E+0	10.100000E+0	5.004322E+0	30.000000E+0	107.391054E+0
2.500000E+0	10.100000E+0	5.777528E+0	30.000000E+0	109.248531E+0
2.600000E+0	10.100000E+0	5.943215E+0	30.000000E+0	109.476750E+0
2.700000E+0	10.100000E+0	6.274589E+0	30.000000E+0	111.140925E+0
2.800000E+0	10.100000E+0	6.532325E+0	30.000000E+0	112.225194E+0
2.900000E+0	10.100000E+0	6.550735E+0	30.000000E+0	113.364693E+0
3.000000E+0	10.100000E+0	7.010977E+0	30.000000E+0	115.093302E+0
3.100000E+0	10.100000E+0	6.974157E+0	30.000000E+0	115.487208E+0
3.200000E+0	10.100000E+0	7.489628E+0	30.000000E+0	117.142178E+0
3.300000E+0	10.100000E+0	7.913051E+0	30.000000E+0	117.158686E+0
3.400000E+0	10.100000E+0	7.949870E+0	30.000000E+0	117.193604E+0
3.500000E+0	10.100000E+0	8.152377E+0	30.000000E+0	118.176621E+0
3.600000E+0	10.100000E+0	8.318064E+0	30.000000E+0	118.644166E+0
3.700000E+0	10.100000E+0	8.704667E+0	30.000000E+0	119.120916E+0
3.800000E+0	10.100000E+0	8.870354E+0	30.000000E+0	118.852074E+0
3.900000E+0	10.100000E+0	9.404235E+0	30.000000E+0	119.052679E+0
4.000000E+0	10.100000E+0	9.183319E+0	30.000000E+0	118.065860E+0
4.100000E+0	10.100000E+0	8.980812E+0	30.000000E+0	119.076491E+0
4.200000E+0	10.100000E+0	9.054451E+0	30.000000E+0	120.142351E+0
4.300000E+0	10.100000E+0	9.514693E+0	30.000000E+0	120.481029E+0
4.400000E+0	10.100000E+0	9.661971E+0	30.000000E+0	119.623077E+0
4.500000E+0	10.100000E+0	9.717200E+0	30.000000E+0	119.473898E+0
4.600000E+0	10.100000E+0	9.974935E+0	30.000000E+0	119.527226E+0
4.700000E+0	10.100000E+0	9.882887E+0	30.000000E+0	118.945419E+0
4.800000E+0	10.100000E+0	10.398358E+0	30.000000E+0	119.284097E+0
4.900000E+0	10.100000E+0	10.877010E+0	30.000000E+0	117.846240E+0
5.000000E+0	10.100000E+0	10.784961E+0	30.000000E+0	116.261106E+0
5.100000E+0	10.100000E+0	10.600864E+0	30.000000E+0	116.148747E+0
5.200000E+0	10.100000E+0	10.932239E+0	30.000000E+0	116.358557E+0
5.300000E+0	10.100000E+0	11.024287E+0	30.000000E+0	115.114002E+0
5.400000E+0	10.100000E+0	11.097926E+0	30.000000E+0	114.421737E+0
5.500000E+0	10.100000E+0	11.189974E+0	30.000000E+0	113.738678E+0
5.600000E+0	10.100000E+0	11.392481E+0	30.000000E+0	112.963570E+0
5.700000E+0	10.100000E+0	11.558168E+0	30.000000E+0	111.811063E+0
5.800000E+0	10.100000E+0	11.815903E+0	30.000000E+0	110.667761E+0
5.900000E+0	10.100000E+0	11.926361E+0	30.000000E+0	109.165471E+0
6.000000E+0	10.100000E+0	12.073639E+0	30.000000E+0	107.976145E+0
6.100000E+0	10.100000E+0	12.000000E+0	30.000000E+0	106.621132E+0
6.200000E+0	10.100000E+0	12.239326E+0	30.000000E+0	105.855229E+0
6.300000E+0	10.100000E+0	12.331374E+0	30.000000E+0	104.187252E+0
6.400000E+0	10.100000E+0	12.441832E+0	30.000000E+0	102.841443E+0
6.500000E+0	10.100000E+0	12.736387E+0	30.000000E+0	101.394382E+0
6.600000E+0	10.100000E+0	12.883665E+0	30.000000E+0	99.339801E+0
6.700000E+0	10.100000E+0	13.030942E+0	30.000000E+0	97.579775E+0
6.800000E+0	10.100000E+0	13.196629E+0	30.000000E+0	95.746111E+0
6.900000E+0	10.100000E+0	13.288678E+0	30.000000E+0	93.783578E+0
7.000000E+0	10.100000E+0	13.417545E+0	30.000000E+0	91.959118E+0
7.100000E+0	10.100000E+0	13.620052E+0	30.000000E+0	89.978176E+0
7.200000E+0	10.100000E+0	13.785739E+0	30.000000E+0	87.711884E+0
7.300000E+0	10.100000E+0	13.933016E+0	30.000000E+0	85.454797E+0
7.400000E+0	10.100000E+0	14.209162E+0	30.000000E+0	83.170095E+0
7.500000E+0	10.100000E+0	14.485307E+0	30.000000E+0	80.425151E+0
7.600000E+0	10.100000E+0	14.687813E+0	30.000000E+0	77.542135E+0
7.700000E+0	10.100000E+0	14.982368E+0	30.000000E+0	74.741962E+0
7.800000E+0	10.100000E+0	15.111236E+0	30.000000E+0	71.564391E+0
7.900000E+0	10.100000E+0	15.276923E+0	30.000000E+0	68.736603E+0
8.000000E+0	10.100000E+0	15.461020E+0	30.000000E+0	65.733924E+0
8.100000E+0	10.100000E+0	15.626707E+0	30.000000E+0	62.593172E+0
8.200000E+0	10.100000E+0	15.773984E+0	30.000000E+0	59.415601E+0
8.300000E+0	10.100000E+0	15.958081E+0	30.000000E+0	56.210415E+0
8.400000E+0	10.100000E+0	16.142178E+0	30.000000E+0	52.821132E+0
8.500000E+0	10.100000E+0	16.234226E+0	30.000000E+0	49.339801E+0
8.600000E+0	10.100000E+0	16.363094E+0	30.000000E+0	46.042567E+0
8.700000E+0	10.100000E+0	16.455143E+0	30.000000E+0	42.588850E+0
8.800000E+0	10.100000E+0	16.639239E+0	30.000000E+0	39.181158E+0
8.900000E+0	10.100000E+0	16.731288E+0	30.000000E+0	35.451296E+0
9.000000E+0	10.100000E+0	16.860156E+0	30.000000E+0	31.905532E+0
9.100000E+0	10.100000E+0	16.989023E+0	30.000000E+0	28.203284E+0
9.200000E+0	10.100000E+0	17.099481E+0	30.000000E+0	24.436603E+0
9.300000E+0	10.100000E+0	17.173120E+0	30.000000E+0	20.660717E+0
9.400000E+0	10.100000E+0	17.173120E+0	30.000000E+0	16.940061E+0
9.500000E+0	10.100000E+0	17.283578E+0	30.000000E+0	13.403500E+0
9.600000E+0	10.100000E+0	17.338807E+0	30.000000E+0	9.535566E+0
9.700000E+0	10.100000E+0	17.320398E+0	30.000000E+0	5.778090E+0
9.800000E+0	10.100000E+0	17.394036E+0	30.000000E+0	2.213915E+0
9.900000E+0	10.100000E+0	17.449265E+0	30.000000E+0	-1.617200E+0
10.000000E+0	10.100000E+0	17.559723E+0	30.000000E+0	-5.429905E+0
10.100000E+0	10.100000E+0	17.467675E+0	30.000000E+0	-9.435912E+0
10.200000E+0	10.100000E+0	17.449265E+0	30.000000E+0	-12.889628E+0
10.300000E+0	10.100000E+0	17.430856E+0	30.000000E+0	-16.518237E+0
10.400000E+0	10.100000E+0	17.486085E+0	30.000000E+0	-20.137640E+0
10.500000E+0	10.100000E+0	17.412446E+0	30.000000E+0	-23.968755E+0
10.600000E+0	10.100000E+0	17.412446E+0	30.000000E+0	-27.440882E+0
10.700000E+0	10.100000E+0	17.338807E+0	30.000000E+0	-31.097105E+0
10.800000E+0	10.100000E+0	17.320398E+0	30.000000E+0	-34.532411E+0
10.900000E+0	10.100000E+0	17.283578E+0	30.000000E+0	-38.096586E+0
11.000000E+0	10.100000E+0	17.228349E+0	30.000000E+0	-41.596327E+0
11.100000E+0	10.100000E+0	17.191530E+0	30.000000E+0	-45.022429E+0
11.200000E+0	10.100000E+0	17.154710E+0	30.000000E+0	-48.476145E+0
11.300000E+0	10.100000E+0	17.081072E+0	30.000000E+0	-51.911452E+0
11.400000E+0	10.100000E+0	17.025843E+0	30.000000E+0	-55.217891E+0
11.500000E+0	10.100000E+0	16.989023E+0	30.000000E+0	-61.895203E+0
11.600000E+0	10.100000E+0	16.933794E+0	30.000000E+0	-65.174028E+0
11.700000E+0	10.100000E+0	16.878565E+0	30.000000E+0	-68.425238E+0
11.800000E+0	10.100000E+0	16.823336E+0	30.000000E+0	-71.648833E+0
11.900000E+0	10.100000E+0	16.749697E+0	30.000000E+0	-74.789585E+0
12.000000E+0	10.100000E+0	16.712878E+0	30.000000E+0	-78.003976E+0
12.100000E+0	10.100000E+0	16.639239E+0	30.000000E+0	-81.089499E+0
12.200000E+0	10.100000E+0	16.584010E+0	30.000000E+0	-84.193431E+0
12.300000E+0	10.100000E+0	16.510372E+0	30.000000E+0	-87.214520E+0
12.400000E+0	10.100000E+0	16.455143E+0	30.000000E+0	-90.254019E+0
12.500000E+0	10.100000E+0	16.399914E+0	30.000000E+0	-93.265903E+0
12.600000E+0	10.100000E+0	16.344685E+0	30.000000E+0	-96.250173E+0
12.700000E+0	10.100000E+0	16.271046E+0	30.000000E+0	-99.151599E+0
12.800000E+0	10.100000E+0	16.178997E+0	30.000000E+0	-101.960977E+0
12.900000E+0	10.100000E+0	16.142178E+0	30.000000E+0	-104.890017E+0
13.000000E+0	10.100000E+0	16.086949E+0	30.000000E+0	-107.745419E+0
13.100000E+0	10.100000E+0	16.013310E+0	30.000000E+0	-110.517978E+0
13.200000E+0	10.100000E+0	15.921262E+0	30.000000E+0	-113.198487E+0
13.300000E+0	10.100000E+0	15.866033E+0	30.000000E+0	-115.943431E+0
13.400000E+0	10.100000E+0	15.810804E+0	30.000000E+0	-118.660761E+0
13.500000E+0	10.100000E+0	15.718755E+0	30.000000E+0	-121.240017E+0
13.600000E+0	10.100000E+0	15.663526E+0	30.000000E+0	-123.883708E+0
13.700000E+0	10.100000E+0	15.608297E+0	30.000000E+0	-126.499784E+0
13.800000E+0	10.100000E+0	15.534659E+0	30.000000E+0	-129.033016E+0
13.900000E+0	10.100000E+0	15.461020E+0	30.000000E+0	-131.529430E+0
14.000000E+0	10.100000E+0	15.405791E+0	30.000000E+0	-134.044252E+0
14.100000E+0	10.100000E+0	15.332152E+0	30.000000E+0	-136.476232E+0
14.200000E+0	10.100000E+0	15.258513E+0	30.000000E+0	-138.871392E+0
14.300000E+0	10.100000E+0	15.203284E+0	30.000000E+0	-141.284961E+0
14.400000E+0	10.100000E+0	15.129646E+0	30.000000E+0	-143.615687E+0
14.500000E+0	10.100000E+0	15.056007E+0	30.000000E+0	-145.909594E+0
14.600000E+0	10.100000E+0	14.982368E+0	30.000000E+0	-148.166681E+0
14.700000E+0	10.100000E+0	14.963959E+0	30.000000E+0	-150.552636E+0
14.800000E+0	10.100000E+0	14.871910E+0	30.000000E+0	-152.708470E+0
14.900000E+0	10.100000E+0	14.816681E+0	30.000000E+0	-154.928738E+0
15.000000E+0	10.100000E+0	14.743042E+0	30.000000E+0	-157.066162E+0
15.100000E+0	10.100000E+0	14.669404E+0	30.000000E+0	-159.166768E+0
15.200000E+0	10.100000E+0	14.595765E+0	30.000000E+0	-161.230553E+0
15.300000E+0	10.100000E+0	14.540536E+0	30.000000E+0	-163.312748E+0
15.400000E+0	10.100000E+0	14.466897E+0	30.000000E+0	-165.312100E+0
15.500000E+0	10.100000E+0	14.393258E+0	30.000000E+0	-167.274633E+0
15.600000E+0	10.100000E+0	14.356439E+0	30.000000E+0	-169.310804E+0
15.700000E+0	10.100000E+0	14.282800E+0	30.000000E+0	-171.218107E+0
15.800000E+0	10.100000E+0	14.209162E+0	30.000000E+0	-173.088591E+0
15.900000E+0	10.100000E+0	14.135523E+0	30.000000E+0	-174.922256E+0
16.000000E+0	10.100000E+0	14.080294E+0	30.000000E+0	-176.774330E+0
16.100000E+0	10.100000E+0	14.025065E+0	30.000000E+0	-178.598790E+0
16.200000E+0	10.100000E+0	13.951426E+0	30.000000E+0	-180.340406E+0
16.300000E+0	10.100000E+0	13.896197E+0	30.000000E+0	-182.100432E+0
16.400000E+0	10.100000E+0	13.804149E+0	30.000000E+0	-183.722385E+0
16.500000E+0	10.100000E+0	13.785739E+0	30.000000E+0	-185.519231E+0
16.600000E+0	10.100000E+0	13.693691E+0	30.000000E+0	-187.085955E+0
16.700000E+0	10.100000E+0	13.620052E+0	30.000000E+0	-188.661884E+0
16.800000E+0	10.100000E+0	13.546413E+0	30.000000E+0	-190.200994E+0
16.900000E+0	10.100000E+0	13.472774E+0	30.000000E+0	-191.703284E+0
17.000000E+0	10.100000E+0	13.417545E+0	30.000000E+0	-193.223984E+0
17.100000E+0	10.100000E+0	13.343907E+0	30.000000E+0	-194.661841E+0
17.200000E+0	10.100000E+0	13.288678E+0	30.000000E+0	-196.118107E+0
17.300000E+0	10.100000E+0	13.215039E+0	30.000000E+0	-197.491530E+0
17.400000E+0	10.100000E+0	13.159810E+0	30.000000E+0	-198.883362E+0
17.500000E+0	10.100000E+0	13.086171E+0	30.000000E+0	-200.192351E+0
17.600000E+0	10.100000E+0	13.030942E+0	30.000000E+0	-201.519749E+0
17.700000E+0	10.100000E+0	12.957303E+0	30.000000E+0	-202.764304E+0
17.800000E+0	10.100000E+0	12.883665E+0	30.000000E+0	-203.972040E+0
17.900000E+0	10.100000E+0	12.828436E+0	30.000000E+0	-205.198185E+0
18.000000E+0	10.100000E+0	12.773207E+0	30.000000E+0	-206.396716E+0
18.100000E+0	10.100000E+0	12.717978E+0	30.000000E+0	-207.567632E+0
18.200000E+0	10.100000E+0	12.625929E+0	30.000000E+0	-208.600475E+0
18.300000E+0	10.100000E+0	12.570700E+0	30.000000E+0	-209.697753E+0
18.400000E+0	10.100000E+0	12.515471E+0	30.000000E+0	-210.767416E+0
18.500000E+0	10.100000E+0	12.441832E+0	30.000000E+0	-211.754235E+0
18.600000E+0	10.100000E+0	12.405013E+0	30.000000E+0	-212.814693E+0
18.700000E+0	10.100000E+0	12.331374E+0	30.000000E+0	-213.746283E+0
18.800000E+0	10.100000E+0	12.276145E+0	30.000000E+0	-214.696283E+0
18.900000E+0	10.100000E+0	12.220916E+0	30.000000E+0	-215.618669E+0
19.000000E+0	10.100000E+0	12.165687E+0	30.000000E+0	-216.513440E+0
19.100000E+0	10.100000E+0	12.092048E+0	30.000000E+0	-217.325367E+0
19.200000E+0	10.100000E+0	12.018410E+0	30.000000E+0	-218.100475E+0
19.300000E+0	10.100000E+0	11.981590E+0	30.000000E+0	-218.949222E+0
19.400000E+0	10.100000E+0	11.926361E+0	30.000000E+0	-219.724330E+0
19.500000E+0	10.100000E+0	11.852723E+0	30.000000E+0	-220.416595E+0
19.600000E+0	10.100000E+0	11.797494E+0	30.000000E+0	-221.127269E+0
19.700000E+0	10.100000E+0	11.742264E+0	30.000000E+0	-221.810328E+0
19.800000E+0	10.100000E+0	11.705445E+0	30.000000E+0	-221.810328E+0
19.900000E+0	10.100000E+0	11.631806E+0	30.000000E+0	-222.521003E+0
20.000000E+0	10.100000E+0	11.558168E+0	30.000000E+0	-223.102809E+0
20.100000E+0	10.100000E+0	11.502939E+0	30.000000E+0	-223.647796E+0
20.200000E+0	10.100000E+0	11.466119E+0	30.000000E+0	-224.211193E+0
20.300000E+0	10.100000E+0	11.410890E+0	30.000000E+0	-224.802204E+0
20.400000E+0	10.100000E+0	11.374071E+0	30.000000E+0	-225.864564E+0
20.500000E+0	10.100000E+0	11.318842E+0	30.000000E+0	-226.335912E+0
20.600000E+0	10.100000E+0	11.263613E+0	30.000000E+0	-226.335912E+0
20.700000E+0	10.100000E+0	11.171564E+0	30.000000E+0	-226.779646E+0
20.800000E+0	10.100000E+0	11.134745E+0	30.000000E+0	-227.085307E+0
20.900000E+0	10.100000E+0	11.097926E+0	30.000000E+0	-227.510631E+0
21.000000E+0	10.100000E+0	11.024287E+0	30.000000E+0	-227.917545E+0
21.100000E+0	10.100000E+0	10.969058E+0	30.000000E+0	-228.195592E+0
21.200000E+0	10.100000E+0	10.913829E+0	30.000000E+0	-228.492048E+0
21.300000E+0	10.100000E+0	10.858600E+0	30.000000E+0	-228.760890E+0
21.400000E+0	10.100000E+0	10.803371E+0	30.000000E+0	-229.002118E+0
21.500000E+0	10.100000E+0	10.748142E+0	30.000000E+0	-229.215730E+0
21.600000E+0	10.100000E+0	10.692913E+0	30.000000E+0	-229.401729E+0
21.700000E+0	10.100000E+0	10.637684E+0	30.000000E+0	-229.560112E+0
21.800000E+0	10.100000E+0	10.564045E+0	30.000000E+0	-229.690882E+0
21.900000E+0	10.100000E+0	10.508816E+0	30.000000E+0	-229.738807E+0
22.000000E+0	10.100000E+0	10.453587E+0	30.000000E+0	-229.805143E+0
22.100000E+0	10.100000E+0	10.379948E+0	30.000000E+0	-229.843863E+0
22.200000E+0	10.100000E+0	10.343129E+0	30.000000E+0	-229.799741E+0
22.300000E+0	10.100000E+0	10.287900E+0	30.000000E+0	-229.829257E+0
22.400000E+0	10.100000E+0	10.232671E+0	30.000000E+0	-229.785134E+0
22.500000E+0	10.100000E+0	10.177442E+0	30.000000E+0	-229.713397E+0
22.600000E+0	10.100000E+0	10.122213E+0	30.000000E+0	-229.614045E+0
22.700000E+0	10.100000E+0	10.066984E+0	30.000000E+0	-229.487079E+0
22.800000E+0	10.100000E+0	9.993345E+0	30.000000E+0	-229.332498E+0
22.900000E+0	10.100000E+0	9.938116E+0	30.000000E+0	-229.095073E+0
23.000000E+0	10.100000E+0	9.882887E+0	30.000000E+0	-228.876059E+0
23.100000E+0	10.100000E+0	9.809248E+0	30.000000E+0	-228.629430E+0
23.200000E+0	10.100000E+0	9.772429E+0	30.000000E+0	-228.299957E+0
23.300000E+0	10.100000E+0	9.717200E+0	30.000000E+0	-228.044123E+0
23.400000E+0	10.100000E+0	9.643561E+0	30.000000E+0	-227.714650E+0
23.500000E+0	10.100000E+0	9.606742E+0	30.000000E+0	-227.302334E+0
23.600000E+0	10.100000E+0	9.533103E+0	30.000000E+0	-226.963656E+0
23.700000E+0	10.100000E+0	9.477874E+0	30.000000E+0	-226.496111E+0
23.800000E+0	10.100000E+0	9.422645E+0	30.000000E+0	-226.046975E+0
23.900000E+0	10.100000E+0	9.349006E+0	30.000000E+0	-225.570225E+0
24.000000E+0	10.100000E+0	9.312187E+0	30.000000E+0	-225.010631E+0
24.100000E+0	10.100000E+0	9.238548E+0	30.000000E+0	-224.524676E+0
24.200000E+0	10.100000E+0	9.201729E+0	30.000000E+0	-223.909853E+0
24.300000E+0	10.100000E+0	9.128090E+0	30.000000E+0	-223.368669E+0
24.400000E+0	10.100000E+0	9.054451E+0	30.000000E+0	-222.698617E+0
24.500000E+0	10.100000E+0	9.017632E+0	30.000000E+0	-221.991746E+0
24.600000E+0	10.100000E+0	8.925583E+0	30.000000E+0	-221.358513E+0
24.700000E+0	10.100000E+0	8.851945E+0	30.000000E+0	-220.541184E+0
24.800000E+0	10.100000E+0	8.833535E+0	30.000000E+0	-219.733060E+0
24.900000E+0	10.100000E+0	8.759896E+0	30.000000E+0	-219.053803E+0
25.000000E+0	10.100000E+0	8.723077E+0	30.000000E+0	-218.199654E+0
25.100000E+0	10.100000E+0	8.667848E+0	30.000000E+0	-217.419144E+0
25.200000E+0	10.100000E+0	8.594209E+0	30.000000E+0	-216.564996E+0
25.300000E+0	10.100000E+0	8.538980E+0	30.000000E+0	-215.628003E+0
25.400000E+0	10.100000E+0	8.483751E+0	30.000000E+0	-214.709421E+0
25.500000E+0	10.100000E+0	8.446932E+0	30.000000E+0	-213.763224E+0
25.600000E+0	10.100000E+0	8.354883E+0	30.000000E+0	-212.844641E+0
25.700000E+0	10.100000E+0	8.318064E+0	30.000000E+0	-211.741962E+0
25.800000E+0	10.100000E+0	8.262835E+0	30.000000E+0	-210.758946E+0
25.900000E+0	10.100000E+0	8.189196E+0	30.000000E+0	-209.702290E+0
26.000000E+0	10.100000E+0	8.152377E+0	30.000000E+0	-208.562792E+0
26.100000E+0	10.100000E+0	8.097148E+0	30.000000E+0	-207.496932E+0
26.200000E+0	10.100000E+0	8.041919E+0	30.000000E+0	-206.357433E+0
26.300000E+0	10.100000E+0	8.005099E+0	30.000000E+0	-205.190320E+0
26.400000E+0	10.100000E+0	7.931461E+0	30.000000E+0	-204.050821E+0
26.500000E+0	10.100000E+0	7.857822E+0	30.000000E+0	-202.782455E+0
26.600000E+0	10.100000E+0	7.839412E+0	30.000000E+0	-201.477269E+0
26.700000E+0	10.100000E+0	7.765774E+0	30.000000E+0	-200.300951E+0
26.800000E+0	10.100000E+0	7.710545E+0	30.000000E+0	-198.949741E+0
26.900000E+0	10.100000E+0	7.655315E+0	30.000000E+0	-197.616940E+0
27.000000E+0	10.100000E+0	7.600086E+0	30.000000E+0	-196.256525E+0
27.100000E+0	10.100000E+0	7.563267E+0	30.000000E+0	-194.868496E+0
27.200000E+0	10.100000E+0	7.489628E+0	30.000000E+0	-193.508081E+0
27.300000E+0	10.100000E+0	7.434399E+0	30.000000E+0	-192.018799E+0
27.400000E+0	10.100000E+0	7.397580E+0	30.000000E+0	-190.547926E+0
27.500000E+0	10.100000E+0	7.342351E+0	30.000000E+0	-189.104667E+0
27.600000E+0	10.100000E+0	7.268712E+0	30.000000E+0	-187.587770E+0
27.700000E+0	10.100000E+0	7.250303E+0	30.000000E+0	-185.988029E+0
27.800000E+0	10.100000E+0	7.176664E+0	30.000000E+0	-184.517156E+0
27.900000E+0	10.100000E+0	7.121435E+0	30.000000E+0	-182.871392E+0
28.000000E+0	10.100000E+0	7.066206E+0	30.000000E+0	-181.244036E+0
28.100000E+0	10.100000E+0	7.010977E+0	30.000000E+0	-179.589067E+0
28.200000E+0	10.100000E+0	6.974157E+0	30.000000E+0	-177.906482E+0
28.300000E+0	10.100000E+0	6.900519E+0	30.000000E+0	-176.251513E+0
28.400000E+0	10.100000E+0	6.845290E+0	30.000000E+0	-174.467675E+0
28.500000E+0	10.100000E+0	6.808470E+0	30.000000E+0	-172.702247E+0
28.600000E+0	10.100000E+0	6.734831E+0	30.000000E+0	-170.964434E+0
28.700000E+0	10.100000E+0	6.679602E+0	30.000000E+0	-169.097753E+0
28.800000E+0	10.100000E+0	6.679602E+0	30.000000E+0	-167.249481E+0
28.900000E+0	10.100000E+0	6.587554E+0	30.000000E+0	-165.539283E+0
29.000000E+0	10.100000E+0	6.532325E+0	30.000000E+0	-163.552939E+0
29.100000E+0	10.100000E+0	6.495506E+0	30.000000E+0	-161.631029E+0
29.200000E+0	10.100000E+0	6.440277E+0	30.000000E+0	-159.736733E+0
29.300000E+0	10.100000E+0	6.385048E+0	30.000000E+0	-157.768799E+0
29.400000E+0	10.100000E+0	6.348228E+0	30.000000E+0	-155.773250E+0
29.500000E+0	10.100000E+0	6.292999E+0	30.000000E+0	-153.805315E+0
29.600000E+0	10.100000E+0	6.237770E+0	30.000000E+0	-151.763742E+0
29.700000E+0	10.100000E+0	6.182541E+0	30.000000E+0	-149.694555E+0
29.800000E+0	10.100000E+0	6.127312E+0	30.000000E+0	-147.597753E+0
29.900000E+0	10.100000E+0	6.072083E+0	30.000000E+0	-145.473336E+0
30.000000E+0	10.100000E+0	6.035264E+0	30.000000E+0	-143.321305E+0
30.100000E+0	10.100000E+0	5.980035E+0	30.000000E+0	-141.196889E+0
30.200000E+0	10.100000E+0	5.943215E+0	30.000000E+0	-138.998833E+0
30.300000E+0	10.100000E+0	5.887986E+0	30.000000E+0	-136.828392E+0
30.400000E+0	10.100000E+0	5.832757E+0	30.000000E+0	-134.584313E+0
30.500000E+0	10.100000E+0	5.777528E+0	30.000000E+0	-132.312619E+0
30.600000E+0	10.100000E+0	5.722299E+0	30.000000E+0	-130.013310E+0
30.700000E+0	10.100000E+0	5.667070E+0	30.000000E+0	-127.686387E+0
30.800000E+0	10.100000E+0	5.630251E+0	30.000000E+0	-125.331850E+0
30.900000E+0	10.100000E+0	5.575022E+0	30.000000E+0	-123.004927E+0
31.000000E+0	10.100000E+0	5.519793E+0	30.000000E+0	-120.604365E+0
31.100000E+0	10.100000E+0	5.482973E+0	30.000000E+0	-118.176188E+0
31.200000E+0	10.100000E+0	5.427744E+0	30.000000E+0	-115.775627E+0
31.300000E+0	10.100000E+0	5.354105E+0	30.000000E+0	-113.301426E+0
31.400000E+0	10.100000E+0	5.317286E+0	30.000000E+0	-110.744382E+0
31.500000E+0	10.100000E+0	5.262057E+0	30.000000E+0	-108.260977E+0
31.600000E+0	10.100000E+0	5.225238E+0	30.000000E+0	-105.703933E+0
31.700000E+0	10.100000E+0	5.170009E+0	30.000000E+0	-103.174503E+0
31.800000E+0	10.100000E+0	5.114780E+0	30.000000E+0	-100.571435E+0
31.900000E+0	10.100000E+0	5.059551E+0	30.000000E+0	-97.940752E+0
32.000000E+0	10.100000E+0	5.004322E+0	30.000000E+0	-95.282455E+0
32.100000E+0	10.100000E+0	4.949092E+0	30.000000E+0	-92.596543E+0
32.200000E+0	10.100000E+0	4.912273E+0	30.000000E+0	-89.883016E+0
32.300000E+0	10.100000E+0	4.857044E+0	30.000000E+0	-87.197105E+0
32.400000E+0	10.100000E+0	4.801815E+0	30.000000E+0	-84.437554E+0
32.500000E+0	10.100000E+0	4.764996E+0	30.000000E+0	-81.650389E+0
32.600000E+0	10.100000E+0	4.709767E+0	30.000000E+0	-78.890838E+0
32.700000E+0	10.100000E+0	4.654538E+0	30.000000E+0	-76.057649E+0
32.800000E+0	10.100000E+0	4.617718E+0	30.000000E+0	-73.196845E+0
32.900000E+0	10.100000E+0	4.580899E+0	30.000000E+0	-70.363656E+0
33.000000E+0	10.100000E+0	4.525670E+0	30.000000E+0	-67.512057E+0
33.100000E+0	10.100000E+0	4.470441E+0	30.000000E+0	-64.586819E+0
33.200000E+0	10.100000E+0	4.433621E+0	30.000000E+0	-61.633967E+0
33.300000E+0	10.100000E+0	4.378392E+0	30.000000E+0	-58.708729E+0
33.400000E+0	10.100000E+0	4.323163E+0	30.000000E+0	-55.709853E+0
33.500000E+0	10.100000E+0	4.304754E+0	30.000000E+0	-52.683362E+0
33.600000E+0	10.100000E+0	4.249525E+0	30.000000E+0	-49.739715E+0
33.700000E+0	10.100000E+0	4.175886E+0	30.000000E+0	-46.676404E+0
33.800000E+0	10.100000E+0	4.139067E+0	30.000000E+0	-43.530251E+0
33.900000E+0	10.100000E+0	4.083838E+0	30.000000E+0	-40.457736E+0
34.000000E+0	10.100000E+0	4.028608E+0	30.000000E+0	-37.311582E+0
34.100000E+0	10.100000E+0	3.991789E+0	30.000000E+0	-34.137813E+0
34.200000E+0	10.100000E+0	3.954970E+0	30.000000E+0	-30.991659E+0
34.300000E+0	10.100000E+0	3.862921E+0	30.000000E+0	-27.827096E+0
34.400000E+0	10.100000E+0	3.844512E+0	30.000000E+0	-24.478436E+0
34.500000E+0	10.100000E+0	3.789283E+0	30.000000E+0	-21.304667E+0
34.600000E+0	10.100000E+0	3.734054E+0	30.000000E+0	-18.011236E+0
34.700000E+0	10.100000E+0	3.697234E+0	30.000000E+0	-14.690190E+0
34.800000E+0	10.100000E+0	3.642005E+0	30.000000E+0	-11.396759E+0
34.900000E+0	10.100000E+0	3.586776E+0	30.000000E+0	-8.029689E+0
35.000000E+0	10.100000E+0	3.549957E+0	30.000000E+0	-4.635004E+0
35.100000E+0	10.100000E+0	3.494728E+0	30.000000E+0	-1.267934E+0
35.200000E+0	10.100000E+0	3.439499E+0	30.000000E+0	2.172774E+0
35.300000E+0	10.100000E+0	3.421089E+0	30.000000E+0	5.641098E+0
35.400000E+0	10.100000E+0	3.365860E+0	30.000000E+0	9.026577E+0
35.500000E+0	10.100000E+0	3.310631E+0	30.000000E+0	12.531720E+0
35.600000E+0	10.100000E+0	3.273812E+0	30.000000E+0	16.064477E+0
35.700000E+0	10.100000E+0	3.255402E+0	30.000000E+0	19.569620E+0
35.800000E+0	10.100000E+0	3.255402E+0	30.000000E+0	23.037943E+0
35.900000E+0	10.100000E+0	3.329041E+0	30.000000E+0	26.460242E+0
36.000000E+0	10.100000E+0	3.347450E+0	30.000000E+0	29.661625E+0
36.100000E+0	10.100000E+0	3.310631E+0	30.000000E+0	32.991876E+0
36.200000E+0	10.100000E+0	3.402679E+0	30.000000E+0	36.478608E+0
36.300000E+0	10.100000E+0	3.457908E+0	30.000000E+0	39.597148E+0
36.400000E+0	10.100000E+0	3.421089E+0	30.000000E+0	42.780121E+0
36.500000E+0	10.100000E+0	3.494728E+0	30.000000E+0	46.211625E+0
36.600000E+0	10.100000E+0	3.605186E+0	30.000000E+0	49.330164E+0
36.700000E+0	10.100000E+0	3.623596E+0	30.000000E+0	52.301426E+0
36.800000E+0	10.100000E+0	3.642005E+0	30.000000E+0	55.493604E+0
36.900000E+0	10.100000E+0	3.715644E+0	30.000000E+0	58.676577E+0
37.000000E+0	10.100000E+0	3.642005E+0	30.000000E+0	61.684659E+0
37.100000E+0	10.100000E+0	3.899741E+0	30.000000E+0	65.097753E+0
37.200000E+0	10.100000E+0	4.010199E+0	30.000000E+0	67.553544E+0
37.300000E+0	10.100000E+0	4.083838E+0	30.000000E+0	70.322299E+0
37.400000E+0	10.100000E+0	4.341573E+0	30.000000E+0	73.146283E+0
37.500000E+0	10.100000E+0	4.599309E+0	30.000000E+0	75.381158E+0
37.600000E+0	10.100000E+0	4.801815E+0	30.000000E+0	77.487165E+0
37.700000E+0	10.100000E+0	5.041141E+0	30.000000E+0	79.629991E+0
37.800000E+0	10.100000E+0	5.243647E+0	30.000000E+0	81.561106E+0
37.900000E+0	10.100000E+0	5.482973E+0	30.000000E+0	83.483016E+0
38.000000E+0	10.100000E+0	5.722299E+0	30.000000E+0	85.193215E+0
38.100000E+0	10.100000E+0	6.237770E+0	30.000000E+0	86.783751E+0
38.200000E+0	10.100000E+0	6.955748E+0	30.000000E+0	87.426188E+0
38.300000E+0	10.100000E+0	7.139844E+0	30.000000E+0	87.203371E+0
38.400000E+0	10.100000E+0	7.452809E+0	30.000000E+0	88.223207E+0
38.500000E+0	10.100000E+0	7.581677E+0	30.000000E+0	88.764391E+0
38.600000E+0	10.100000E+0	7.857822E+0	30.000000E+0	89.701383E+0
38.700000E+0	10.100000E+0	8.446932E+0	30.000000E+0	90.132109E+0
38.800000E+0	10.100000E+0	8.336474E+0	30.000000E+0	89.485869E+0
38.900000E+0	10.100000E+0	8.410112E+0	30.000000E+0	90.643777E+0
39.000000E+0	10.100000E+0	8.870354E+0	30.000000E+0	91.304624E+0
39.100000E+0	10.100000E+0	8.925583E+0	30.000000E+0	90.768842E+0
39.200000E+0	10.100000E+0	8.925583E+0	30.000000E+0	91.217978E+0
39.300000E+0	10.100000E+0	8.888764E+0	30.000000E+0	91.805186E+0
39.400000E+0	10.100000E+0	9.330596E+0	30.000000E+0	92.502852E+0
39.500000E+0	10.100000E+0	9.661971E+0	30.000000E+0	91.782973E+0
39.600000E+0	10.100000E+0	9.643561E+0	30.000000E+0	91.173552E+0
39.700000E+0	10.100000E+0	9.717200E+0	30.000000E+0	91.447796E+0
39.800000E+0	10.100000E+0	9.956525E+0	30.000000E+0	91.455099E+0
39.900000E+0	10.100000E+0	10.251080E+0	30.000000E+0	90.928522E+0
40.000000E+0	10.100000E+0	10.011755E+0	30.000000E+0	90.116595E+0
40.100000E+0	10.100000E+0	10.122213E+0	30.000000E+0	90.759032E+0
40.200000E+0	10.100000E+0	10.471997E+0	30.000000E+0	90.471780E+0
40.300000E+0	10.100000E+0	10.471997E+0	30.000000E+0	89.411322E+0
40.400000E+0	10.100000E+0	10.637684E+0	30.000000E+0	89.225324E+0
40.500000E+0	10.100000E+0	10.674503E+0	30.000000E+0	88.542264E+0
40.600000E+0	10.100000E+0	10.748142E+0	30.000000E+0	88.162965E+0
40.700000E+0	10.100000E+0	10.913829E+0	30.000000E+0	87.654797E+0
40.800000E+0	10.100000E+0	11.079516E+0	30.000000E+0	86.833665E+0
40.900000E+0	10.100000E+0	11.447710E+0	30.000000E+0	85.929689E+0
41.000000E+0	10.100000E+0	11.723855E+0	30.000000E+0	84.335350E+0
41.100000E+0	10.100000E+0	12.073639E+0	30.000000E+0	82.833060E+0
41.200000E+0	10.100000E+0	12.073639E+0	30.000000E+0	80.971780E+0
41.300000E+0	10.100000E+0	12.184097E+0	30.000000E+0	79.984961E+0
41.400000E+0	10.100000E+0	12.276145E+0	30.000000E+0	78.666768E+0
41.500000E+0	10.100000E+0	12.717978E+0	30.000000E+0	77.348574E+0
41.600000E+0	10.100000E+0	12.883665E+0	30.000000E+0	74.935004E+0
41.700000E+0	10.100000E+0	12.938894E+0	30.000000E+0	73.128954E+0
41.800000E+0	10.100000E+0	13.067761E+0	30.000000E+0	71.571435E+0
41.900000E+0	10.100000E+0	13.178220E+0	30.000000E+0	69.765385E+0
42.000000E+0	10.100000E+0	13.435955E+0	30.000000E+0	67.950130E+0
42.100000E+0	10.100000E+0	13.638462E+0	30.000000E+0	65.637813E+0
42.200000E+0	10.100000E+0	13.804149E+0	30.000000E+0	63.362316E+0
42.300000E+0	10.100000E+0	13.969836E+0	30.000000E+0	61.096024E+0
42.400000E+0	10.100000E+0	14.153933E+0	30.000000E+0	58.746889E+0
42.500000E+0	10.100000E+0	14.301210E+0	30.000000E+0	56.259680E+0
42.600000E+0	10.100000E+0	14.779862E+0	30.000000E+0	53.790882E+0
42.700000E+0	10.100000E+0	14.927139E+0	30.000000E+0	50.254322E+0
42.800000E+0	10.100000E+0	14.982368E+0	30.000000E+0	47.472558E+0
42.900000E+0	10.100000E+0	15.056007E+0	30.000000E+0	44.893302E+0
43.000000E+0	10.100000E+0	15.129646E+0	30.000000E+0	42.231201E+0
43.100000E+0	10.100000E+0	15.240104E+0	30.000000E+0	39.532282E+0
43.200000E+0	10.100000E+0	15.350562E+0	30.000000E+0	36.686085E+0
43.300000E+0	10.100000E+0	15.497839E+0	30.000000E+0	33.784659E+0
43.400000E+0	10.100000E+0	15.497839E+0	30.000000E+0	30.717545E+0
43.500000E+0	10.100000E+0	15.663526E+0	30.000000E+0	28.018626E+0
43.600000E+0	10.100000E+0	15.737165E+0	30.000000E+0	24.822645E+0
43.700000E+0	10.100000E+0	15.829213E+0	30.000000E+0	21.819965E+0
43.800000E+0	10.100000E+0	15.847623E+0	30.000000E+0	18.725238E+0
43.900000E+0	10.100000E+0	15.884443E+0	30.000000E+0	15.805402E+0
44.000000E+0	10.100000E+0	15.994901E+0	30.000000E+0	12.821132E+0
44.100000E+0	10.100000E+0	15.994901E+0	30.000000E+0	9.597537E+0
44.200000E+0	10.100000E+0	16.013310E+0	30.000000E+0	6.650086E+0
44.300000E+0	10.100000E+0	16.050130E+0	30.000000E+0	3.647407E+0
44.400000E+0	10.100000E+0	16.215817E+0	30.000000E+0	580.293863E-3
44.500000E+0	10.100000E+0	16.215817E+0	30.000000E+0	-2.891832E+0
44.600000E+0	10.100000E+0	16.142178E+0	30.000000E+0	-5.949741E+0
44.700000E+0	10.100000E+0	16.123768E+0	30.000000E+0	-8.786733E+0
44.800000E+0	10.100000E+0	16.160588E+0	30.000000E+0	-11.752593E+0
44.900000E+0	10.100000E+0	16.215817E+0	30.000000E+0	-14.874935E+0
45.000000E+0	10.100000E+0	16.160588E+0	30.000000E+0	-18.070916E+0
45.100000E+0	10.100000E+0	16.142178E+0	30.000000E+0	-20.963137E+0
45.200000E+0	10.100000E+0	16.086949E+0	30.000000E+0	-23.938202E+0
45.300000E+0	10.100000E+0	16.050130E+0	30.000000E+0	-26.793604E+0
45.400000E+0	10.100000E+0	16.013310E+0	30.000000E+0	-29.676621E+0
45.500000E+0	10.100000E+0	15.994901E+0	30.000000E+0	-32.541227E+0
45.600000E+0	10.100000E+0	15.939672E+0	30.000000E+0	-35.442653E+0
45.700000E+0	10.100000E+0	15.884443E+0	30.000000E+0	-38.224417E+0
45.800000E+0	10.100000E+0	15.847623E+0	30.000000E+0	-40.978565E+0
45.900000E+0	10.100000E+0	15.773984E+0	30.000000E+0	-43.760328E+0
46.000000E+0	10.100000E+0	15.737165E+0	30.000000E+0	-46.413224E+0
46.100000E+0	10.100000E+0	15.681936E+0	30.000000E+0	-49.139758E+0
46.200000E+0	10.100000E+0	15.626707E+0	30.000000E+0	-51.792653E+0
46.300000E+0	10.100000E+0	15.553068E+0	30.000000E+0	-54.417934E+0
46.400000E+0	10.100000E+0	15.497839E+0	30.000000E+0	-56.960372E+0
46.500000E+0	10.100000E+0	15.442610E+0	30.000000E+0	-59.521219E+0
46.600000E+0	10.100000E+0	15.387381E+0	30.000000E+0	-62.054451E+0
46.700000E+0	10.100000E+0	15.313742E+0	30.000000E+0	-64.560069E+0
46.800000E+0	10.100000E+0	15.258513E+0	30.000000E+0	-66.982844E+0
46.900000E+0	10.100000E+0	15.221694E+0	30.000000E+0	-69.424028E+0
47.000000E+0	10.100000E+0	15.129646E+0	30.000000E+0	-71.892826E+0
47.100000E+0	10.100000E+0	15.074417E+0	30.000000E+0	-74.177528E+0
47.200000E+0	10.100000E+0	15.019188E+0	30.000000E+0	-76.526664E+0
47.300000E+0	10.100000E+0	14.963959E+0	30.000000E+0	-78.848185E+0
47.400000E+0	10.100000E+0	14.890320E+0	30.000000E+0	-81.142092E+0
47.500000E+0	10.100000E+0	14.816681E+0	30.000000E+0	-83.353155E+0
47.600000E+0	10.100000E+0	14.761452E+0	30.000000E+0	-85.527398E+0
47.700000E+0	10.100000E+0	14.687813E+0	30.000000E+0	-87.720052E+0
47.800000E+0	10.100000E+0	14.632584E+0	30.000000E+0	-89.829862E+0
47.900000E+0	10.100000E+0	14.558946E+0	30.000000E+0	-91.958081E+0
48.000000E+0	10.100000E+0	14.503717E+0	30.000000E+0	-94.003457E+0
48.100000E+0	10.100000E+0	14.430078E+0	30.000000E+0	-96.067243E+0
48.200000E+0	10.100000E+0	14.374849E+0	30.000000E+0	-98.048185E+0
48.300000E+0	10.100000E+0	14.319620E+0	30.000000E+0	-100.047537E+0
48.400000E+0	10.100000E+0	14.245981E+0	30.000000E+0	-102.019274E+0
48.500000E+0	10.100000E+0	14.190752E+0	30.000000E+0	-103.908168E+0
48.600000E+0	10.100000E+0	14.117113E+0	30.000000E+0	-105.815471E+0
48.700000E+0	10.100000E+0	14.061884E+0	30.000000E+0	-107.639931E+0
48.800000E+0	10.100000E+0	13.988245E+0	30.000000E+0	-109.482800E+0
48.900000E+0	10.100000E+0	13.933016E+0	30.000000E+0	-111.242826E+0
49.000000E+0	10.100000E+0	13.859378E+0	30.000000E+0	-113.021262E+0
49.100000E+0	10.100000E+0	13.804149E+0	30.000000E+0	-114.716854E+0
49.200000E+0	10.100000E+0	13.748920E+0	30.000000E+0	-116.430856E+0
49.300000E+0	10.100000E+0	13.693691E+0	30.000000E+0	-118.117243E+0
49.400000E+0	10.100000E+0	13.601642E+0	30.000000E+0	-119.776016E+0
49.500000E+0	10.100000E+0	13.546413E+0	30.000000E+0	-121.296716E+0
49.600000E+0	10.100000E+0	13.472774E+0	30.000000E+0	-122.881850E+0
49.700000E+0	10.100000E+0	13.417545E+0	30.000000E+0	-124.384140E+0
49.800000E+0	10.100000E+0	13.343907E+0	30.000000E+0	-125.904840E+0
49.900000E+0	10.100000E+0	13.288678E+0	30.000000E+0	-127.342697E+0
50.000000E+0	10.100000E+0	13.215039E+0	30.000000E+0	-128.798963E+0
50.100000E+0	10.100000E+0	13.159810E+0	30.000000E+0	-130.172385E+0
50.200000E+0	10.100000E+0	13.086171E+0	30.000000E+0	-131.564218E+0
50.300000E+0	10.100000E+0	13.030942E+0	30.000000E+0	-132.873207E+0
50.400000E+0	10.100000E+0	12.975713E+0	30.000000E+0	-134.200605E+0
50.500000E+0	10.100000E+0	12.902074E+0	30.000000E+0	-135.500389E+0
50.600000E+0	10.100000E+0	12.846845E+0	30.000000E+0	-136.717329E+0
50.700000E+0	10.100000E+0	12.773207E+0	30.000000E+0	-137.952679E+0
50.800000E+0	10.100000E+0	12.717978E+0	30.000000E+0	-139.105186E+0
50.900000E+0	10.100000E+0	12.662748E+0	30.000000E+0	-140.276102E+0
51.000000E+0	10.100000E+0	12.589110E+0	30.000000E+0	-141.419404E+0
51.100000E+0	10.100000E+0	12.533881E+0	30.000000E+0	-142.479862E+0
51.200000E+0	10.100000E+0	12.460242E+0	30.000000E+0	-143.558729E+0
51.300000E+0	10.100000E+0	12.405013E+0	30.000000E+0	-144.554754E+0
51.400000E+0	10.100000E+0	12.349784E+0	30.000000E+0	-145.569188E+0
51.500000E+0	10.100000E+0	12.294555E+0	30.000000E+0	-146.556007E+0
51.600000E+0	10.100000E+0	12.220916E+0	30.000000E+0	-147.515212E+0
51.700000E+0	10.100000E+0	12.165687E+0	30.000000E+0	-148.391573E+0
51.800000E+0	10.100000E+0	12.110458E+0	30.000000E+0	-149.286344E+0
51.900000E+0	10.100000E+0	12.055229E+0	30.000000E+0	-150.153500E+0
52.000000E+0	10.100000E+0	12.000000E+0	30.000000E+0	-150.993042E+0
52.100000E+0	10.100000E+0	11.926361E+0	30.000000E+0	-151.804970E+0
52.200000E+0	10.100000E+0	11.871132E+0	30.000000E+0	-152.534054E+0
52.300000E+0	10.100000E+0	11.815903E+0	30.000000E+0	-153.281547E+0
52.400000E+0	10.100000E+0	11.760674E+0	30.000000E+0	-154.001426E+0
52.500000E+0	10.100000E+0	11.705445E+0	30.000000E+0	-154.693691E+0
52.600000E+0	10.100000E+0	11.650216E+0	30.000000E+0	-155.358341E+0
52.700000E+0	10.100000E+0	11.576577E+0	30.000000E+0	-155.995376E+0
52.800000E+0	10.100000E+0	11.539758E+0	30.000000E+0	-156.549568E+0
52.900000E+0	10.100000E+0	11.484529E+0	30.000000E+0	-157.177398E+0
53.000000E+0	10.100000E+0	11.410890E+0	30.000000E+0	-157.731590E+0
53.100000E+0	10.100000E+0	11.392481E+0	30.000000E+0	-158.202939E+0
53.200000E+0	10.100000E+0	11.318842E+0	30.000000E+0	-158.803155E+0
53.300000E+0	10.100000E+0	11.263613E+0	30.000000E+0	-159.228479E+0
53.400000E+0	10.100000E+0	11.208384E+0	30.000000E+0	-159.672213E+0
53.500000E+0	10.100000E+0	11.153155E+0	30.000000E+0	-160.088332E+0
53.600000E+0	10.100000E+0	11.079516E+0	30.000000E+0	-160.476837E+0
53.700000E+0	10.100000E+0	11.005877E+0	30.000000E+0	-160.782498E+0
53.800000E+0	10.100000E+0	10.969058E+0	30.000000E+0	-161.051340E+0
53.900000E+0	10.100000E+0	10.913829E+0	30.000000E+0	-161.393820E+0
54.000000E+0	10.100000E+0	10.858600E+0	30.000000E+0	-161.662662E+0
54.100000E+0	10.100000E+0	10.821780E+0	30.000000E+0	-161.903889E+0
54.200000E+0	10.100000E+0	10.748142E+0	30.000000E+0	-162.172731E+0
54.300000E+0	10.100000E+0	10.692913E+0	30.000000E+0	-162.312705E+0
54.400000E+0	10.100000E+0	10.637684E+0	30.000000E+0	-162.471089E+0
54.500000E+0	10.100000E+0	10.582455E+0	30.000000E+0	-162.601858E+0
54.600000E+0	10.100000E+0	10.527226E+0	30.000000E+0	-162.705013E+0
54.700000E+0	10.100000E+0	10.453587E+0	30.000000E+0	-162.780553E+0
54.800000E+0	10.100000E+0	10.398358E+0	30.000000E+0	-162.773250E+0
54.900000E+0	10.100000E+0	10.361538E+0	30.000000E+0	-162.784356E+0
55.000000E+0	10.100000E+0	10.306309E+0	30.000000E+0	-162.823077E+0
55.100000E+0	10.100000E+0	10.251080E+0	30.000000E+0	-162.788159E+0
55.200000E+0	10.100000E+0	10.214261E+0	30.000000E+0	-162.725627E+0
55.300000E+0	10.100000E+0	10.122213E+0	30.000000E+0	-162.690709E+0
55.400000E+0	10.100000E+0	10.085393E+0	30.000000E+0	-162.471694E+0
55.500000E+0	10.100000E+0	10.011755E+0	30.000000E+0	-162.372342E+0
55.600000E+0	10.100000E+0	9.938116E+0	30.000000E+0	-162.144123E+0
55.700000E+0	10.100000E+0	9.901296E+0	30.000000E+0	-161.879084E+0
55.800000E+0	10.100000E+0	9.827658E+0	30.000000E+0	-161.687684E+0
55.900000E+0	10.100000E+0	9.772429E+0	30.000000E+0	-161.367416E+0
56.000000E+0	10.100000E+0	9.717200E+0	30.000000E+0	-161.065557E+0
56.100000E+0	10.100000E+0	9.661971E+0	30.000000E+0	-160.736085E+0
56.200000E+0	10.100000E+0	9.625151E+0	30.000000E+0	-160.378997E+0
56.300000E+0	10.100000E+0	9.551513E+0	30.000000E+0	-160.049525E+0
56.400000E+0	10.100000E+0	9.496283E+0	30.000000E+0	-159.591184E+0
56.500000E+0	10.100000E+0	9.422645E+0	30.000000E+0	-159.151253E+0
56.600000E+0	10.100000E+0	9.367416E+0	30.000000E+0	-158.628479E+0
56.700000E+0	10.100000E+0	9.312187E+0	30.000000E+0	-158.124114E+0
56.800000E+0	10.100000E+0	9.256958E+0	30.000000E+0	-157.592135E+0
56.900000E+0	10.100000E+0	9.201729E+0	30.000000E+0	-157.032541E+0
57.000000E+0	10.100000E+0	9.146500E+0	30.000000E+0	-156.445333E+0
57.100000E+0	10.100000E+0	9.072861E+0	30.000000E+0	-155.830510E+0
57.200000E+0	10.100000E+0	9.017632E+0	30.000000E+0	-155.132844E+0
57.300000E+0	10.100000E+0	8.962403E+0	30.000000E+0	-154.453587E+0
57.400000E+0	10.100000E+0	8.888764E+0	30.000000E+0	-153.746716E+0
57.500000E+0	10.100000E+0	8.815125E+0	30.000000E+0	-152.957001E+0
57.600000E+0	10.100000E+0	8.759896E+0	30.000000E+0	-152.130467E+0
57.700000E+0	10.100000E+0	8.723077E+0	30.000000E+0	-151.322342E+0
57.800000E+0	10.100000E+0	8.667848E+0	30.000000E+0	-150.541832E+0
57.900000E+0	10.100000E+0	8.612619E+0	30.000000E+0	-149.687684E+0
58.000000E+0	10.100000E+0	8.557390E+0	30.000000E+0	-148.805920E+0
58.100000E+0	10.100000E+0	8.483751E+0	30.000000E+0	-147.896543E+0
58.200000E+0	10.100000E+0	8.446932E+0	30.000000E+0	-146.904322E+0
58.300000E+0	10.100000E+0	8.391703E+0	30.000000E+0	-145.985739E+0
58.400000E+0	10.100000E+0	8.318064E+0	30.000000E+0	-144.993518E+0
58.500000E+0	10.100000E+0	8.262835E+0	30.000000E+0	-143.918453E+0
58.600000E+0	10.100000E+0	8.207606E+0	30.000000E+0	-142.861798E+0
58.700000E+0	10.100000E+0	8.152377E+0	30.000000E+0	-141.777528E+0
58.800000E+0	10.100000E+0	8.115557E+0	30.000000E+0	-140.665644E+0
58.900000E+0	10.100000E+0	8.041919E+0	30.000000E+0	-139.581374E+0
59.000000E+0	10.100000E+0	8.005099E+0	30.000000E+0	-138.368237E+0
59.100000E+0	10.100000E+0	7.931461E+0	30.000000E+0	-137.228738E+0
59.200000E+0	10.100000E+0	7.876232E+0	30.000000E+0	-135.960372E+0
59.300000E+0	10.100000E+0	7.839412E+0	30.000000E+0	-134.710415E+0
59.400000E+0	10.100000E+0	7.765774E+0	30.000000E+0	-133.488073E+0
59.500000E+0	10.100000E+0	7.710545E+0	30.000000E+0	-132.136863E+0
59.600000E+0	10.100000E+0	7.673725E+0	30.000000E+0	-130.804062E+0
59.700000E+0	10.100000E+0	7.618496E+0	30.000000E+0	-129.498876E+0
59.800000E+0	10.100000E+0	7.563267E+0	30.000000E+0	-128.120052E+0
59.900000E+0	10.100000E+0	7.489628E+0	30.000000E+0	-126.713613E+0
60.000000E+0	10.100000E+0	7.434399E+0	30.000000E+0	-125.224330E+0
60.100000E+0	10.100000E+0	7.397580E+0	30.000000E+0	-123.753457E+0
60.200000E+0	10.100000E+0	7.342351E+0	30.000000E+0	-122.310199E+0
60.300000E+0	10.100000E+0	7.287122E+0	30.000000E+0	-120.793302E+0
60.400000E+0	10.100000E+0	7.250303E+0	30.000000E+0	-119.248790E+0
60.500000E+0	10.100000E+0	7.176664E+0	30.000000E+0	-117.731893E+0
60.600000E+0	10.100000E+0	7.121435E+0	30.000000E+0	-116.086128E+0
60.700000E+0	10.100000E+0	7.066206E+0	30.000000E+0	-114.458773E+0
60.800000E+0	10.100000E+0	7.010977E+0	30.000000E+0	-112.803803E+0
60.900000E+0	10.100000E+0	6.974157E+0	30.000000E+0	-111.121219E+0
61.000000E+0	10.100000E+0	6.918928E+0	30.000000E+0	-109.466249E+0
61.100000E+0	10.100000E+0	6.863699E+0	30.000000E+0	-107.737640E+0
61.200000E+0	10.100000E+0	6.826880E+0	30.000000E+0	-105.981417E+0
61.300000E+0	10.100000E+0	6.753241E+0	30.000000E+0	-104.252809E+0
61.400000E+0	10.100000E+0	6.698012E+0	30.000000E+0	-102.395333E+0
61.500000E+0	10.100000E+0	6.661193E+0	30.000000E+0	-100.556266E+0
61.600000E+0	10.100000E+0	6.605964E+0	30.000000E+0	-98.744814E+0
61.700000E+0	10.100000E+0	6.550735E+0	30.000000E+0	-96.859723E+0
61.800000E+0	10.100000E+0	6.513915E+0	30.000000E+0	-94.947018E+0
61.900000E+0	10.100000E+0	6.458686E+0	30.000000E+0	-93.061927E+0
62.000000E+0	10.100000E+0	6.403457E+0	30.000000E+0	-91.103198E+0
62.100000E+0	10.100000E+0	6.348228E+0	30.000000E+0	-89.116854E+0
62.200000E+0	10.100000E+0	6.292999E+0	30.000000E+0	-87.102895E+0
62.300000E+0	10.100000E+0	6.237770E+0	30.000000E+0	-85.061322E+0
62.400000E+0	10.100000E+0	6.182541E+0	30.000000E+0	-82.992135E+0
62.500000E+0	10.100000E+0	6.127312E+0	30.000000E+0	-80.895333E+0
62.600000E+0	10.100000E+0	6.090493E+0	30.000000E+0	-78.770916E+0
62.700000E+0	10.100000E+0	6.035264E+0	30.000000E+0	-76.674114E+0
62.800000E+0	10.100000E+0	5.980035E+0	30.000000E+0	-74.503673E+0
62.900000E+0	10.100000E+0	5.924806E+0	30.000000E+0	-72.305618E+0
63.000000E+0	10.100000E+0	5.869576E+0	30.000000E+0	-70.079948E+0
63.100000E+0	10.100000E+0	5.814347E+0	30.000000E+0	-67.826664E+0
63.200000E+0	10.100000E+0	5.777528E+0	30.000000E+0	-65.545765E+0
63.300000E+0	10.100000E+0	5.703889E+0	30.000000E+0	-63.292481E+0
63.400000E+0	10.100000E+0	5.648660E+0	30.000000E+0	-60.910328E+0
63.500000E+0	10.100000E+0	5.593431E+0	30.000000E+0	-58.546586E+0
63.600000E+0	10.100000E+0	5.556612E+0	30.000000E+0	-56.155229E+0
63.700000E+0	10.100000E+0	5.501383E+0	30.000000E+0	-53.791487E+0
63.800000E+0	10.100000E+0	5.464564E+0	30.000000E+0	-51.354105E+0
63.900000E+0	10.100000E+0	5.409334E+0	30.000000E+0	-48.944339E+0
64.000000E+0	10.100000E+0	5.354105E+0	30.000000E+0	-46.460933E+0
64.100000E+0	10.100000E+0	5.298876E+0	30.000000E+0	-43.949914E+0
64.200000E+0	10.100000E+0	5.243647E+0	30.000000E+0	-41.411279E+0
64.300000E+0	10.100000E+0	5.206828E+0	30.000000E+0	-38.845030E+0
64.400000E+0	10.100000E+0	5.151599E+0	30.000000E+0	-36.306396E+0
64.500000E+0	10.100000E+0	5.096370E+0	30.000000E+0	-33.694123E+0
64.600000E+0	10.100000E+0	5.059551E+0	30.000000E+0	-31.054235E+0
64.700000E+0	10.100000E+0	4.985912E+0	30.000000E+0	-28.441962E+0
64.800000E+0	10.100000E+0	4.930683E+0	30.000000E+0	-25.700821E+0
64.900000E+0	10.100000E+0	4.875454E+0	30.000000E+0	-22.978090E+0
65.000000E+0	10.100000E+0	4.838634E+0	30.000000E+0	-20.227744E+0
65.100000E+0	10.100000E+0	4.783405E+0	30.000000E+0	-17.505013E+0
65.200000E+0	10.100000E+0	4.746586E+0	30.000000E+0	-14.708643E+0
65.300000E+0	10.100000E+0	4.691357E+0	30.000000E+0	-11.939888E+0
65.400000E+0	10.100000E+0	4.636128E+0	30.000000E+0	-9.097494E+0
65.500000E+0	10.100000E+0	4.599309E+0	30.000000E+0	-6.227485E+0
65.600000E+0	10.100000E+0	4.544080E+0	30.000000E+0	-3.385091E+0
65.700000E+0	10.100000E+0	4.488850E+0	30.000000E+0	-469.057908E-3
65.800000E+0	10.100000E+0	4.470441E+0	30.000000E+0	2.474589E+0
65.900000E+0	10.100000E+0	4.415212E+0	30.000000E+0	5.335393E+0
66.000000E+0	10.100000E+0	4.359983E+0	30.000000E+0	8.315860E+0
66.100000E+0	10.100000E+0	4.323163E+0	30.000000E+0	11.323941E+0
66.200000E+0	10.100000E+0	4.304754E+0	30.000000E+0	14.304408E+0
66.300000E+0	10.100000E+0	4.323163E+0	30.000000E+0	17.248055E+0
66.400000E+0	10.100000E+0	4.323163E+0	30.000000E+0	20.090449E+0
66.500000E+0	10.100000E+0	4.304754E+0	30.000000E+0	22.978868E+0
66.600000E+0	10.100000E+0	4.341573E+0	30.000000E+0	25.922515E+0
66.700000E+0	10.100000E+0	4.433621E+0	30.000000E+0	28.709680E+0
66.800000E+0	10.100000E+0	4.415212E+0	30.000000E+0	31.312748E+0
66.900000E+0	10.100000E+0	4.488850E+0	30.000000E+0	34.201167E+0
67.000000E+0	10.100000E+0	4.544080E+0	30.000000E+0	36.822645E+0
67.100000E+0	10.100000E+0	4.470441E+0	30.000000E+0	39.462532E+0
67.200000E+0	10.100000E+0	4.580899E+0	30.000000E+0	42.461409E+0
67.300000E+0	10.100000E+0	4.544080E+0	30.000000E+0	44.944814E+0
67.400000E+0	10.100000E+0	4.599309E+0	30.000000E+0	47.814823E+0
67.500000E+0	10.100000E+0	4.783405E+0	30.000000E+0	50.427096E+0
67.600000E+0	10.100000E+0	4.930683E+0	30.000000E+0	52.625151E+0
67.700000E+0	10.100000E+0	5.077960E+0	30.000000E+0	54.841616E+0
67.800000E+0	10.100000E+0	5.170009E+0	30.000000E+0	56.984443E+0
67.900000E+0	10.100000E+0	5.298876E+0	30.000000E+0	59.219317E+0
68.000000E+0	10.100000E+0	5.519793E+0	30.000000E+0	61.297710E+0
68.100000E+0	10.100000E+0	5.869576E+0	30.000000E+0	63.035523E+0
68.200000E+0	10.100000E+0	6.090493E+0	30.000000E+0	64.276275E+0
68.300000E+0	10.100000E+0	6.090493E+0	30.000000E+0	65.728738E+0
68.400000E+0	10.100000E+0	6.237770E+0	30.000000E+0	67.733492E+0
68.500000E+0	10.100000E+0	6.477096E+0	30.000000E+0	69.296413E+0
68.600000E+0	10.100000E+0	6.642783E+0	30.000000E+0	70.509551E+0
68.700000E+0	10.100000E+0	7.287122E+0	30.000000E+0	71.823941E+0
68.800000E+0	10.100000E+0	7.563267E+0	30.000000E+0	71.619533E+0
68.900000E+0	10.100000E+0	7.563267E+0	30.000000E+0	72.197537E+0
69.000000E+0	10.100000E+0	7.802593E+0	30.000000E+0	73.465903E+0
69.100000E+0	10.100000E+0	8.005099E+0	30.000000E+0	74.016292E+0
69.200000E+0	10.100000E+0	8.207606E+0	30.000000E+0	74.557476E+0
69.300000E+0	10.100000E+0	9.036041E+0	30.000000E+0	73.458297E+0
69.400000E+0	10.100000E+0	9.054451E+0	30.000000E+0	73.935048E+0
69.500000E+0	10.100000E+0	9.072861E+0	30.000000E+0	74.402593E+0
69.600000E+0	10.100000E+0	9.312187E+0	30.000000E+0	74.198185E+0
69.700000E+0	10.100000E+0	9.422645E+0	30.000000E+0	74.260717E+0
69.800000E+0	10.100000E+0	9.312187E+0	30.000000E+0	74.930769E+0
69.900000E+0	10.100000E+0	9.496283E+0	30.000000E+0	74.772385E+0
70.000000E+0	10.100000E+0	9.643561E+0	30.000000E+0	74.632411E+0
70.100000E+0	10.100000E+0	9.754019E+0	30.000000E+0	74.529257E+0
70.200000E+0	10.100000E+0	9.754019E+0	30.000000E+0	74.702247E+0
70.300000E+0	10.100000E+0	10.251080E+0	30.000000E+0	73.384054E+0
70.400000E+0	10.100000E+0	10.416768E+0	30.000000E+0	72.811452E+0
70.500000E+0	10.100000E+0	10.692913E+0	30.000000E+0	71.824633E+0
70.600000E+0	10.100000E+0	10.674503E+0	30.000000E+0	71.583405E+0
70.700000E+0	10.100000E+0	10.969058E+0	30.000000E+0	70.412489E+0
70.800000E+0	10.100000E+0	11.171564E+0	30.000000E+0	69.370441E+0
70.900000E+0	10.100000E+0	11.208384E+0	30.000000E+0	68.724201E+0
71.000000E+0	10.100000E+0	11.171564E+0	30.000000E+0	68.280467E+0
71.100000E+0	10.100000E+0	11.429300E+0	30.000000E+0	66.971478E+0
71.200000E+0	10.100000E+0	11.466119E+0	30.000000E+0	66.196370E+0
71.300000E+0	10.100000E+0	11.650216E+0	30.000000E+0	64.961020E+0
71.400000E+0	10.100000E+0	11.907952E+0	30.000000E+0	63.412705E+0
71.500000E+0	10.100000E+0	12.165687E+0	30.000000E+0	61.735523E+0
71.600000E+0	10.100000E+0	12.368194E+0	30.000000E+0	60.095160E+0
71.700000E+0	10.100000E+0	12.478652E+0	30.000000E+0	58.629689E+0
71.800000E+0	10.100000E+0	12.552290E+0	30.000000E+0	57.219447E+0
71.900000E+0	10.100000E+0	12.589110E+0	30.000000E+0	55.882844E+0
72.000000E+0	10.100000E+0	12.699568E+0	30.000000E+0	54.306914E+0
72.100000E+0	10.100000E+0	12.810026E+0	30.000000E+0	52.675756E+0
72.200000E+0	10.100000E+0	13.030942E+0	30.000000E+0	50.657995E+0
72.300000E+0	10.100000E+0	13.159810E+0	30.000000E+0	48.805920E+0
72.400000E+0	10.100000E+0	13.307087E+0	30.000000E+0	46.834183E+0
72.500000E+0	10.100000E+0	13.454365E+0	30.000000E+0	44.788807E+0
72.600000E+0	10.100000E+0	13.528003E+0	30.000000E+0	42.890709E+0
72.700000E+0	10.100000E+0	13.785739E+0	30.000000E+0	40.403500E+0
72.800000E+0	10.100000E+0	13.951426E+0	30.000000E+0	38.063570E+0
72.900000E+0	10.100000E+0	14.153933E+0	30.000000E+0	35.530337E+0
73.000000E+0	10.100000E+0	14.282800E+0	30.000000E+0	33.116768E+0
73.100000E+0	10.100000E+0	14.301210E+0	30.000000E+0	30.970138E+0
73.200000E+0	10.100000E+0	14.411668E+0	30.000000E+0	28.538159E+0
73.300000E+0	10.100000E+0	14.577355E+0	30.000000E+0	25.885264E+0
73.400000E+0	10.100000E+0	14.669404E+0	30.000000E+0	23.370441E+0
73.500000E+0	10.100000E+0	14.724633E+0	30.000000E+0	20.920052E+0
73.600000E+0	10.100000E+0	14.816681E+0	30.000000E+0	18.331590E+0
73.700000E+0	10.100000E+0	14.908729E+0	30.000000E+0	15.697105E+0
73.800000E+0	10.100000E+0	14.982368E+0	30.000000E+0	13.071824E+0
73.900000E+0	10.100000E+0	14.982368E+0	30.000000E+0	10.630640E+0
74.000000E+0	10.100000E+0	15.074417E+0	30.000000E+0	7.913310E+0
74.100000E+0	10.100000E+0	15.129646E+0	30.000000E+0	5.260415E+0
74.200000E+0	10.100000E+0	15.203284E+0	30.000000E+0	2.524676E+0
74.300000E+0	10.100000E+0	15.258513E+0	30.000000E+0	-192.653414E-3
74.400000E+0	10.100000E+0	15.184875E+0	30.000000E+0	-2.550994E+0
74.500000E+0	10.100000E+0	15.111236E+0	30.000000E+0	-4.872515E+0
74.600000E+0	10.100000E+0	15.166465E+0	30.000000E+0	-7.543820E+0
74.700000E+0	10.100000E+0	15.295333E+0	30.000000E+0	-10.463656E+0
74.800000E+0	10.100000E+0	15.258513E+0	30.000000E+0	-10.463656E+0
74.900000E+0	10.100000E+0	15.240104E+0	30.000000E+0	-12.950864E+0
75.000000E+0	10.100000E+0	15.184875E+0	30.000000E+0	-15.474892E+0
75.100000E+0	10.100000E+0	15.148055E+0	30.000000E+0	-17.879257E+0
75.200000E+0	10.100000E+0	15.129646E+0	30.000000E+0	-20.311236E+0
75.300000E+0	10.100000E+0	15.111236E+0	30.000000E+0	-22.780035E+0
75.400000E+0	10.100000E+0	15.092826E+0	30.000000E+0	-25.239628E+0
75.500000E+0	10.100000E+0	15.037597E+0	30.000000E+0	-27.690017E+0
75.600000E+0	10.100000E+0	14.982368E+0	30.000000E+0	-30.020743E+0
75.700000E+0	10.100000E+0	14.963959E+0	30.000000E+0	-32.323855E+0
75.800000E+0	10.100000E+0	14.908729E+0	30.000000E+0	-34.709810E+0
75.900000E+0	10.100000E+0	14.853500E+0	30.000000E+0	-36.976102E+0
76.000000E+0	10.100000E+0	14.816681E+0	30.000000E+0	-39.214780E+0
76.100000E+0	10.100000E+0	14.743042E+0	30.000000E+0	-41.481072E+0
76.200000E+0	10.100000E+0	14.687813E+0	30.000000E+0	-43.618496E+0
76.300000E+0	10.100000E+0	14.650994E+0	30.000000E+0	-45.774330E+0
76.400000E+0	10.100000E+0	14.577355E+0	30.000000E+0	-47.957779E+0
76.500000E+0	10.100000E+0	14.522126E+0	30.000000E+0	-50.012360E+0
76.600000E+0	10.100000E+0	14.466897E+0	30.000000E+0	-52.085350E+0
76.700000E+0	10.100000E+0	14.393258E+0	30.000000E+0	-54.130726E+0
76.800000E+0	10.100000E+0	14.356439E+0	30.000000E+0	-56.093258E+0
76.900000E+0	10.100000E+0	14.282800E+0	30.000000E+0	-58.129430E+0
77.000000E+0	10.100000E+0	14.227571E+0	30.000000E+0	-60.036733E+0
77.100000E+0	10.100000E+0	14.172342E+0	30.000000E+0	-61.962446E+0
77.200000E+0	10.100000E+0	14.098704E+0	30.000000E+0	-63.860545E+0
77.300000E+0	10.100000E+0	14.025065E+0	30.000000E+0	-65.675799E+0
77.400000E+0	10.100000E+0	13.969836E+0	30.000000E+0	-67.454235E+0
77.500000E+0	10.100000E+0	13.933016E+0	30.000000E+0	-69.251080E+0
77.600000E+0	10.100000E+0	13.859378E+0	30.000000E+0	-71.075540E+0
77.700000E+0	10.100000E+0	13.785739E+0	30.000000E+0	-72.771132E+0
77.800000E+0	10.100000E+0	13.748920E+0	30.000000E+0	-74.429905E+0
77.900000E+0	10.100000E+0	13.656871E+0	30.000000E+0	-76.162316E+0
78.000000E+0	10.100000E+0	13.601642E+0	30.000000E+0	-77.710631E+0
78.100000E+0	10.100000E+0	13.546413E+0	30.000000E+0	-79.323379E+0
78.200000E+0	10.100000E+0	13.472774E+0	30.000000E+0	-80.908513E+0
78.300000E+0	10.100000E+0	13.399136E+0	30.000000E+0	-82.410804E+0
78.400000E+0	10.100000E+0	13.343907E+0	30.000000E+0	-83.876275E+0
78.500000E+0	10.100000E+0	13.270268E+0	30.000000E+0	-85.360156E+0
78.600000E+0	10.100000E+0	13.215039E+0	30.000000E+0	-86.761193E+0
78.700000E+0	10.100000E+0	13.159810E+0	30.000000E+0	-88.180640E+0
78.800000E+0	10.100000E+0	13.086171E+0	30.000000E+0	-89.572472E+0
78.900000E+0	10.100000E+0	13.030942E+0	30.000000E+0	-90.881461E+0
79.000000E+0	10.100000E+0	12.957303E+0	30.000000E+0	-92.208859E+0
79.100000E+0	10.100000E+0	12.902074E+0	30.000000E+0	-93.453414E+0
79.200000E+0	10.100000E+0	12.846845E+0	30.000000E+0	-94.716379E+0
79.300000E+0	10.100000E+0	12.791616E+0	30.000000E+0	-95.951729E+0
79.400000E+0	10.100000E+0	12.736387E+0	30.000000E+0	-97.159464E+0
79.500000E+0	10.100000E+0	12.644339E+0	30.000000E+0	-98.339585E+0
79.600000E+0	10.100000E+0	12.589110E+0	30.000000E+0	-99.381634E+0
79.700000E+0	10.100000E+0	12.552290E+0	30.000000E+0	-100.488116E+0
79.800000E+0	10.100000E+0	12.478652E+0	30.000000E+0	-101.622213E+0
79.900000E+0	10.100000E+0	12.405013E+0	30.000000E+0	-102.627442E+0
80.000000E+0	10.100000E+0	12.349784E+0	30.000000E+0	-103.595851E+0
80.100000E+0	10.100000E+0	12.294555E+0	30.000000E+0	-104.582671E+0
80.200000E+0	10.100000E+0	12.220916E+0	30.000000E+0	-105.541876E+0
80.300000E+0	10.100000E+0	12.165687E+0	30.000000E+0	-106.418237E+0
80.400000E+0	10.100000E+0	12.092048E+0	30.000000E+0	-107.313008E+0
80.500000E+0	10.100000E+0	12.036819E+0	30.000000E+0	-108.124935E+0
80.600000E+0	10.100000E+0	12.000000E+0	30.000000E+0	-108.955272E+0
80.700000E+0	10.100000E+0	11.926361E+0	30.000000E+0	-109.813224E+0
80.800000E+0	10.100000E+0	11.889542E+0	30.000000E+0	-110.542308E+0
80.900000E+0	10.100000E+0	11.834313E+0	30.000000E+0	-111.345030E+0
81.000000E+0	10.100000E+0	11.760674E+0	30.000000E+0	-112.074114E+0
81.100000E+0	10.100000E+0	11.705445E+0	30.000000E+0	-112.720354E+0
81.200000E+0	10.100000E+0	11.650216E+0	30.000000E+0	-113.385004E+0
81.300000E+0	10.100000E+0	11.558168E+0	30.000000E+0	-114.022040E+0
81.400000E+0	10.100000E+0	11.539758E+0	30.000000E+0	-114.521003E+0
81.500000E+0	10.100000E+0	11.466119E+0	30.000000E+0	-115.194857E+0
81.600000E+0	10.100000E+0	11.429300E+0	30.000000E+0	-115.693820E+0
81.700000E+0	10.100000E+0	11.392481E+0	30.000000E+0	-116.266422E+0
81.800000E+0	10.100000E+0	11.318842E+0	30.000000E+0	-116.820614E+0
81.900000E+0	10.100000E+0	11.263613E+0	30.000000E+0	-117.245938E+0
82.000000E+0	10.100000E+0	11.208384E+0	30.000000E+0	-117.689672E+0
82.100000E+0	10.100000E+0	11.153155E+0	30.000000E+0	-118.105791E+0
82.200000E+0	10.100000E+0	11.079516E+0	30.000000E+0	-118.494296E+0
82.300000E+0	10.100000E+0	11.024287E+0	30.000000E+0	-118.799957E+0
82.400000E+0	10.100000E+0	10.969058E+0	30.000000E+0	-119.124028E+0
82.500000E+0	10.100000E+0	10.932239E+0	30.000000E+0	-119.420484E+0
82.600000E+0	10.100000E+0	10.877010E+0	30.000000E+0	-119.744555E+0
82.700000E+0	10.100000E+0	10.821780E+0	30.000000E+0	-119.994987E+0
82.800000E+0	10.100000E+0	10.748142E+0	30.000000E+0	-120.217805E+0
82.900000E+0	10.100000E+0	10.692913E+0	30.000000E+0	-120.357779E+0
83.000000E+0	10.100000E+0	10.637684E+0	30.000000E+0	-120.516162E+0
83.100000E+0	10.100000E+0	10.582455E+0	30.000000E+0	-120.646932E+0
83.200000E+0	10.100000E+0	10.527226E+0	30.000000E+0	-120.750086E+0
83.300000E+0	10.100000E+0	10.471997E+0	30.000000E+0	-120.825627E+0
83.400000E+0	10.100000E+0	10.398358E+0	30.000000E+0	-120.873552E+0
83.500000E+0	10.100000E+0	10.343129E+0	30.000000E+0	-120.838634E+0
83.600000E+0	10.100000E+0	10.306309E+0	30.000000E+0	-120.822126E+0
83.700000E+0	10.100000E+0	10.251080E+0	30.000000E+0	-120.833232E+0
83.800000E+0	10.100000E+0	10.195851E+0	30.000000E+0	-120.770700E+0
83.900000E+0	10.100000E+0	10.140622E+0	30.000000E+0	-120.680553E+0
84.000000E+0	10.100000E+0	10.085393E+0	30.000000E+0	-120.562792E+0
84.100000E+0	10.100000E+0	10.011755E+0	30.000000E+0	-120.417416E+0
84.200000E+0	10.100000E+0	9.956525E+0	30.000000E+0	-120.189196E+0
84.300000E+0	10.100000E+0	9.901296E+0	30.000000E+0	-119.979386E+0
84.400000E+0	10.100000E+0	9.827658E+0	30.000000E+0	-119.741962E+0
84.500000E+0	10.100000E+0	9.790838E+0	30.000000E+0	-119.421694E+0
84.600000E+0	10.100000E+0	9.717200E+0	30.000000E+0	-119.175065E+0
84.700000E+0	10.100000E+0	9.661971E+0	30.000000E+0	-118.799568E+0
84.800000E+0	10.100000E+0	9.625151E+0	30.000000E+0	-118.442481E+0
84.900000E+0	10.100000E+0	9.551513E+0	30.000000E+0	-118.113008E+0
85.000000E+0	10.100000E+0	9.496283E+0	30.000000E+0	-117.654667E+0
85.100000E+0	10.100000E+0	9.441054E+0	30.000000E+0	-117.214736E+0
85.200000E+0	10.100000E+0	9.367416E+0	30.000000E+0	-116.747191E+0
85.300000E+0	10.100000E+0	9.312187E+0	30.000000E+0	-116.196802E+0
85.400000E+0	10.100000E+0	9.256958E+0	30.000000E+0	-115.664823E+0
85.500000E+0	10.100000E+0	9.201729E+0	30.000000E+0	-115.105229E+0
85.600000E+0	10.100000E+0	9.128090E+0	30.000000E+0	-114.518021E+0
85.700000E+0	10.100000E+0	9.072861E+0	30.000000E+0	-113.847969E+0
85.800000E+0	10.100000E+0	9.036041E+0	30.000000E+0	-113.196327E+0
85.900000E+0	10.100000E+0	8.962403E+0	30.000000E+0	-112.572299E+0
86.000000E+0	10.100000E+0	8.888764E+0	30.000000E+0	-111.819404E+0
86.100000E+0	10.100000E+0	8.833535E+0	30.000000E+0	-111.029689E+0
86.200000E+0	10.100000E+0	8.778306E+0	30.000000E+0	-110.258384E+0
86.300000E+0	10.100000E+0	8.741487E+0	30.000000E+0	-109.459464E+0
86.400000E+0	10.100000E+0	8.667848E+0	30.000000E+0	-108.688159E+0
86.500000E+0	10.100000E+0	8.612619E+0	30.000000E+0	-107.787986E+0
86.600000E+0	10.100000E+0	8.575799E+0	30.000000E+0	-106.906223E+0
86.700000E+0	10.100000E+0	8.502161E+0	30.000000E+0	-106.052074E+0
86.800000E+0	10.100000E+0	8.446932E+0	30.000000E+0	-105.069058E+0
86.900000E+0	10.100000E+0	8.410112E+0	30.000000E+0	-104.104451E+0
87.000000E+0	10.100000E+0	8.354883E+0	30.000000E+0	-103.167459E+0
87.100000E+0	10.100000E+0	8.299654E+0	30.000000E+0	-102.156828E+0
87.200000E+0	10.100000E+0	8.226016E+0	30.000000E+0	-101.118583E+0
87.300000E+0	10.100000E+0	8.170787E+0	30.000000E+0	-99.997494E+0
87.400000E+0	10.100000E+0	8.115557E+0	30.000000E+0	-98.894814E+0
87.500000E+0	10.100000E+0	8.060328E+0	30.000000E+0	-97.764520E+0
87.600000E+0	10.100000E+0	8.005099E+0	30.000000E+0	-96.606612E+0
87.700000E+0	10.100000E+0	7.949870E+0	30.000000E+0	-95.421089E+0
87.800000E+0	10.100000E+0	7.894641E+0	30.000000E+0	-94.207952E+0
87.900000E+0	10.100000E+0	7.857822E+0	30.000000E+0	-92.967200E+0
88.000000E+0	10.100000E+0	7.784183E+0	30.000000E+0	-91.754062E+0
88.100000E+0	10.100000E+0	7.728954E+0	30.000000E+0	-90.412057E+0
88.200000E+0	10.100000E+0	7.692135E+0	30.000000E+0	-89.088462E+0
88.300000E+0	10.100000E+0	7.618496E+0	30.000000E+0	-87.792481E+0
88.400000E+0	10.100000E+0	7.563267E+0	30.000000E+0	-86.367632E+0
88.500000E+0	10.100000E+0	7.526448E+0	30.000000E+0	-84.961193E+0
88.600000E+0	10.100000E+0	7.452809E+0	30.000000E+0	-83.582368E+0
88.700000E+0	10.100000E+0	7.415990E+0	30.000000E+0	-82.074676E+0
88.800000E+0	10.100000E+0	7.360761E+0	30.000000E+0	-80.640622E+0
88.900000E+0	10.100000E+0	7.287122E+0	30.000000E+0	-79.132930E+0
89.000000E+0	10.100000E+0	7.268712E+0	30.000000E+0	-77.542394E+0
89.100000E+0	10.100000E+0	7.195073E+0	30.000000E+0	-76.080726E+0
89.200000E+0	10.100000E+0	7.158254E+0	30.000000E+0	-74.444166E+0
89.300000E+0	10.100000E+0	7.103025E+0	30.000000E+0	-72.881245E+0
89.400000E+0	10.100000E+0	7.047796E+0	30.000000E+0	-71.244685E+0
89.500000E+0	10.100000E+0	6.974157E+0	30.000000E+0	-69.580510E+0
89.600000E+0	10.100000E+0	6.937338E+0	30.000000E+0	-67.833492E+0
89.700000E+0	10.100000E+0	6.900519E+0	30.000000E+0	-66.160112E+0
89.800000E+0	10.100000E+0	6.826880E+0	30.000000E+0	-64.468323E+0
89.900000E+0	10.100000E+0	6.771651E+0	30.000000E+0	-62.647666E+0
90.000000E+0	10.100000E+0	6.716422E+0	30.000000E+0	-60.845419E+0
90.100000E+0	10.100000E+0	6.679602E+0	30.000000E+0	-59.015557E+0
90.200000E+0	10.100000E+0	6.642783E+0	30.000000E+0	-57.213310E+0
90.300000E+0	10.100000E+0	6.587554E+0	30.000000E+0	-55.392653E+0
90.400000E+0	10.100000E+0	6.532325E+0	30.000000E+0	-53.498358E+0
90.500000E+0	10.100000E+0	6.477096E+0	30.000000E+0	-51.576448E+0
90.600000E+0	10.100000E+0	6.421867E+0	30.000000E+0	-49.626923E+0
90.700000E+0	10.100000E+0	6.385048E+0	30.000000E+0	-47.649784E+0
90.800000E+0	10.100000E+0	6.311409E+0	30.000000E+0	-45.700259E+0
90.900000E+0	10.100000E+0	6.274589E+0	30.000000E+0	-43.621867E+0
91.000000E+0	10.100000E+0	6.219360E+0	30.000000E+0	-41.617113E+0
91.100000E+0	10.100000E+0	6.164131E+0	30.000000E+0	-39.538721E+0
91.200000E+0	10.100000E+0	6.108902E+0	30.000000E+0	-37.432714E+0
91.300000E+0	10.100000E+0	6.053673E+0	30.000000E+0	-35.299092E+0
91.400000E+0	10.100000E+0	5.998444E+0	30.000000E+0	-33.137857E+0
91.500000E+0	10.100000E+0	5.943215E+0	30.000000E+0	-30.949006E+0
91.600000E+0	10.100000E+0	5.906396E+0	30.000000E+0	-28.732541E+0
91.700000E+0	10.100000E+0	5.832757E+0	30.000000E+0	-26.543691E+0
91.800000E+0	10.100000E+0	5.795938E+0	30.000000E+0	-24.225972E+0
91.900000E+0	10.100000E+0	5.740709E+0	30.000000E+0	-21.981893E+0
92.000000E+0	10.100000E+0	5.685480E+0	30.000000E+0	-19.664175E+0
92.100000E+0	10.100000E+0	5.648660E+0	30.000000E+0	-17.318842E+0
92.200000E+0	10.100000E+0	5.575022E+0	30.000000E+0	-15.001124E+0
92.300000E+0	10.100000E+0	5.519793E+0	30.000000E+0	-12.554538E+0
92.400000E+0	10.100000E+0	5.501383E+0	30.000000E+0	-10.126361E+0
92.500000E+0	10.100000E+0	5.427744E+0	30.000000E+0	-7.781029E+0
92.600000E+0	10.100000E+0	5.372515E+0	30.000000E+0	-5.260804E+0
92.700000E+0	10.100000E+0	5.335696E+0	30.000000E+0	-2.758989E+0
92.800000E+0	10.100000E+0	5.280467E+0	30.000000E+0	-284.788245E-3
92.900000E+0	10.100000E+0	5.225238E+0	30.000000E+0	2.263051E+0
93.000000E+0	10.100000E+0	5.188418E+0	30.000000E+0	4.838505E+0
93.100000E+0	10.100000E+0	5.133189E+0	30.000000E+0	7.386344E+0
93.200000E+0	10.100000E+0	5.077960E+0	30.000000E+0	10.007822E+0
93.300000E+0	10.100000E+0	5.059551E+0	30.000000E+0	12.656914E+0
93.400000E+0	10.100000E+0	5.077960E+0	30.000000E+0	15.223163E+0
93.500000E+0	10.100000E+0	5.077960E+0	30.000000E+0	17.688159E+0
93.600000E+0	10.100000E+0	5.077960E+0	30.000000E+0	20.199179E+0
93.700000E+0	10.100000E+0	5.133189E+0	30.000000E+0	22.710199E+0
93.800000E+0	10.100000E+0	5.188418E+0	30.000000E+0	25.055532E+0
93.900000E+0	10.100000E+0	5.188418E+0	30.000000E+0	27.373250E+0
94.000000E+0	10.100000E+0	5.206828E+0	30.000000E+0	29.829041E+0
94.100000E+0	10.100000E+0	5.225238E+0	30.000000E+0	32.229602E+0
94.200000E+0	10.100000E+0	5.225238E+0	30.000000E+0	34.620959E+0
94.300000E+0	10.100000E+0	5.243647E+0	30.000000E+0	37.058341E+0
94.400000E+0	10.100000E+0	5.280467E+0	30.000000E+0	39.440493E+0
94.500000E+0	10.100000E+0	5.427744E+0	30.000000E+0	41.758211E+0
94.600000E+0	10.100000E+0	5.501383E+0	30.000000E+0	43.726145E+0
94.700000E+0	10.100000E+0	5.538202E+0	30.000000E+0	45.841357E+0
94.800000E+0	10.100000E+0	5.611841E+0	30.000000E+0	48.030207E+0
94.900000E+0	10.100000E+0	5.667070E+0	30.000000E+0	50.090190E+0
95.000000E+0	10.100000E+0	5.943215E+0	30.000000E+0	52.168583E+0
95.100000E+0	10.100000E+0	6.219360E+0	30.000000E+0	53.556612E+0
95.200000E+0	10.100000E+0	6.495506E+0	30.000000E+0	54.806569E+0
95.300000E+0	10.100000E+0	6.495506E+0	30.000000E+0	55.918453E+0
95.400000E+0	10.100000E+0	6.716422E+0	30.000000E+0	57.720700E+0
95.500000E+0	10.100000E+0	6.882109E+0	30.000000E+0	58.860199E+0
95.600000E+0	10.100000E+0	6.955748E+0	30.000000E+0	60.054927E+0
95.700000E+0	10.100000E+0	7.121435E+0	30.000000E+0	61.442956E+0
95.800000E+0	10.100000E+0	7.287122E+0	30.000000E+0	62.518021E+0
95.900000E+0	10.100000E+0	7.471219E+0	30.000000E+0	63.510242E+0
96.000000E+0	10.100000E+0	7.894641E+0	30.000000E+0	64.364391E+0
96.100000E+0	10.100000E+0	8.133967E+0	30.000000E+0	64.408513E+0
96.200000E+0	10.100000E+0	8.060328E+0	30.000000E+0	64.793215E+0
96.300000E+0	10.100000E+0	8.318064E+0	30.000000E+0	65.997148E+0
96.400000E+0	10.100000E+0	8.980812E+0	30.000000E+0	66.243777E+0
96.500000E+0	10.100000E+0	9.036041E+0	30.000000E+0	65.146500E+0
96.600000E+0	10.100000E+0	9.349006E+0	30.000000E+0	65.540406E+0
96.700000E+0	10.100000E+0	9.790838E+0	30.000000E+0	65.133492E+0
96.800000E+0	10.100000E+0	9.606742E+0	30.000000E+0	64.183492E+0
96.900000E+0	10.100000E+0	9.717200E+0	30.000000E+0	64.890363E+0
97.000000E+0	10.100000E+0	9.754019E+0	30.000000E+0	64.805618E+0
97.100000E+0	10.100000E+0	9.938116E+0	30.000000E+0	64.886560E+0
97.200000E+0	10.100000E+0	10.435177E+0	30.000000E+0	64.507260E+0
97.300000E+0	10.100000E+0	10.582455E+0	30.000000E+0	63.097018E+0
97.400000E+0	10.100000E+0	10.527226E+0	30.000000E+0	62.487597E+0
97.500000E+0	10.100000E+0	10.619274E+0	30.000000E+0	62.412057E+0
97.600000E+0	10.100000E+0	10.969058E+0	30.000000E+0	61.922299E+0
97.700000E+0	10.100000E+0	10.987468E+0	30.000000E+0	60.613310E+0
97.800000E+0	10.100000E+0	11.337252E+0	30.000000E+0	60.123552E+0
97.900000E+0	10.100000E+0	11.374071E+0	30.000000E+0	58.630467E+0
98.000000E+0	10.100000E+0	11.318842E+0	30.000000E+0	57.901383E+0
98.100000E+0	10.100000E+0	11.410890E+0	30.000000E+0	57.430035E+0
98.200000E+0	10.100000E+0	11.576577E+0	30.000000E+0	56.544468E+0
98.300000E+0	10.100000E+0	11.705445E+0	30.000000E+0	55.391962E+0
98.400000E+0	10.100000E+0	11.687035E+0	30.000000E+0	54.267070E+0
98.500000E+0	10.100000E+0	11.926361E+0	30.000000E+0	53.519576E+0
98.600000E+0	10.100000E+0	12.239326E+0	30.000000E+0	52.008081E+0
98.700000E+0	10.100000E+0	12.184097E+0	30.000000E+0	50.156007E+0
98.800000E+0	10.100000E+0	12.441832E+0	30.000000E+0	49.252031E+0
98.900000E+0	10.100000E+0	12.441832E+0	30.000000E+0	47.436776E+0
99.000000E+0	10.100000E+0	12.515471E+0	30.000000E+0	46.265860E+0
99.100000E+0	10.100000E+0	12.625929E+0	30.000000E+0	44.874028E+0
99.200000E+0	10.100000E+0	12.754797E+0	30.000000E+0	43.334918E+0
99.300000E+0	10.100000E+0	12.846845E+0	30.000000E+0	41.685350E+0
99.400000E+0	10.100000E+0	12.957303E+0	30.000000E+0	40.081806E+0
99.500000E+0	10.100000E+0	13.012532E+0	30.000000E+0	38.377010E+0
99.600000E+0	10.100000E+0	13.159810E+0	30.000000E+0	36.782671E+0
99.700000E+0	10.100000E+0	13.325497E+0	30.000000E+0	34.884572E+0
99.800000E+0	10.100000E+0	13.307087E+0	30.000000E+0	32.857606E+0
99.900000E+0	10.100000E+0	13.362316E+0	30.000000E+0	31.300086E+0
100.000000E+0	10.100000E+0	13.509594E+0	30.000000E+0	29.530856E+0
100.100000E+0	10.100000E+0	13.693691E+0	30.000000E+0	27.457865E+0
100.200000E+0	10.100000E+0	13.748920E+0	30.000000E+0	25.200778E+0
100.300000E+0	10.100000E+0	13.859378E+0	30.000000E+0	23.238245E+0
100.400000E+0	10.100000E+0	13.933016E+0	30.000000E+0	21.082411E+0
100.500000E+0	10.100000E+0	13.969836E+0	30.000000E+0	18.981806E+0
100.600000E+0	10.100000E+0	14.080294E+0	30.000000E+0	16.954840E+0
100.700000E+0	10.100000E+0	14.117113E+0	30.000000E+0	14.688548E+0
100.800000E+0	10.100000E+0	14.227571E+0	30.000000E+0	12.587943E+0
100.900000E+0	10.100000E+0	14.282800E+0	30.000000E+0	10.248012E+0
101.000000E+0	10.100000E+0	14.319620E+0	30.000000E+0	8.018539E+0
101.100000E+0	10.100000E+0	14.356439E+0	30.000000E+0	5.816681E+0
101.200000E+0	10.100000E+0	14.503717E+0	30.000000E+0	3.596413E+0
101.300000E+0	10.100000E+0	14.577355E+0	30.000000E+0	1.026361E+0
101.400000E+0	10.100000E+0	14.485307E+0	30.000000E+0	-1.396413E+0
101.500000E+0	10.100000E+0	14.430078E+0	30.000000E+0	-3.358946E+0
101.600000E+0	10.100000E+0	14.540536E+0	30.000000E+0	-5.385912E+0
101.700000E+0	10.100000E+0	14.522126E+0	30.000000E+0	-7.882325E+0
101.800000E+0	10.100000E+0	14.540536E+0	30.000000E+0	-10.047364E+0
101.900000E+0	10.100000E+0	14.503717E+0	30.000000E+0	-12.313656E+0
102.000000E+0	10.100000E+0	14.466897E+0	30.000000E+0	-14.423466E+0
102.100000E+0	10.100000E+0	14.411668E+0	30.000000E+0	-16.514866E+0
102.200000E+0	10.100000E+0	14.374849E+0	30.000000E+0	-18.532627E+0
102.300000E+0	10.100000E+0	14.374849E+0	30.000000E+0	-20.578003E+0
102.400000E+0	10.100000E+0	14.356439E+0	30.000000E+0	-22.715428E+0
102.500000E+0	10.100000E+0	14.338029E+0	30.000000E+0	-24.797623E+0
102.600000E+0	10.100000E+0	14.264391E+0	30.000000E+0	-26.870614E+0
102.700000E+0	10.100000E+0	14.227571E+0	30.000000E+0	-28.768712E+0
102.800000E+0	10.100000E+0	14.190752E+0	30.000000E+0	-30.740449E+0
102.900000E+0	10.100000E+0	14.153933E+0	30.000000E+0	-32.693777E+0
103.000000E+0	10.100000E+0	14.080294E+0	30.000000E+0	-34.628695E+0
103.100000E+0	10.100000E+0	14.043475E+0	30.000000E+0	-36.434745E+0
103.200000E+0	10.100000E+0	13.988245E+0	30.000000E+0	-38.314434E+0
103.300000E+0	10.100000E+0	13.933016E+0	30.000000E+0	-40.120484E+0
103.400000E+0	10.100000E+0	13.877787E+0	30.000000E+0	-41.898920E+0
103.500000E+0	10.100000E+0	13.804149E+0	30.000000E+0	-43.649741E+0
103.600000E+0	10.100000E+0	13.785739E+0	30.000000E+0	-45.317718E+0
103.700000E+0	10.100000E+0	13.730510E+0	30.000000E+0	-47.114564E+0
103.800000E+0	10.100000E+0	13.638462E+0	30.000000E+0	-48.791746E+0
103.900000E+0	10.100000E+0	13.583232E+0	30.000000E+0	-50.330856E+0
104.000000E+0	10.100000E+0	13.528003E+0	30.000000E+0	-51.934399E+0
104.100000E+0	10.100000E+0	13.472774E+0	30.000000E+0	-53.510328E+0
104.200000E+0	10.100000E+0	13.435955E+0	30.000000E+0	-55.058643E+0
104.300000E+0	10.100000E+0	13.362316E+0	30.000000E+0	-56.634572E+0
104.400000E+0	10.100000E+0	13.288678E+0	30.000000E+0	-58.081634E+0
104.500000E+0	10.100000E+0	13.215039E+0	30.000000E+0	-59.491876E+0
104.600000E+0	10.100000E+0	13.178220E+0	30.000000E+0	-60.865298E+0
104.700000E+0	10.100000E+0	13.122990E+0	30.000000E+0	-62.312360E+0
104.800000E+0	10.100000E+0	13.030942E+0	30.000000E+0	-63.685782E+0
104.900000E+0	10.100000E+0	12.975713E+0	30.000000E+0	-64.921132E+0
105.000000E+0	10.100000E+0	12.920484E+0	30.000000E+0	-66.220916E+0
105.100000E+0	10.100000E+0	12.883665E+0	30.000000E+0	-67.493086E+0
105.200000E+0	10.100000E+0	12.810026E+0	30.000000E+0	-68.792869E+0
105.300000E+0	10.100000E+0	12.736387E+0	30.000000E+0	-69.963786E+0
105.400000E+0	10.100000E+0	12.681158E+0	30.000000E+0	-71.097882E+0
105.500000E+0	10.100000E+0	12.589110E+0	30.000000E+0	-72.250389E+0
105.600000E+0	10.100000E+0	12.552290E+0	30.000000E+0	-73.264823E+0
105.700000E+0	10.100000E+0	12.497061E+0	30.000000E+0	-74.398920E+0
105.800000E+0	10.100000E+0	12.423423E+0	30.000000E+0	-75.459378E+0
105.900000E+0	10.100000E+0	12.368194E+0	30.000000E+0	-76.436992E+0
106.000000E+0	10.100000E+0	12.294555E+0	30.000000E+0	-77.433016E+0
106.100000E+0	10.100000E+0	12.239326E+0	30.000000E+0	-78.346197E+0
106.200000E+0	10.100000E+0	12.184097E+0	30.000000E+0	-79.277787E+0
106.300000E+0	10.100000E+0	12.128868E+0	30.000000E+0	-80.181763E+0
106.400000E+0	10.100000E+0	12.055229E+0	30.000000E+0	-81.058124E+0
106.500000E+0	10.100000E+0	12.000000E+0	30.000000E+0	-81.851642E+0
106.600000E+0	10.100000E+0	11.963181E+0	30.000000E+0	-82.663570E+0
106.700000E+0	10.100000E+0	11.907952E+0	30.000000E+0	-83.503111E+0
106.800000E+0	10.100000E+0	11.852723E+0	30.000000E+0	-84.269015E+0
106.900000E+0	10.100000E+0	11.779084E+0	30.000000E+0	-85.007303E+0
107.000000E+0	10.100000E+0	11.723855E+0	30.000000E+0	-85.662748E+0
107.100000E+0	10.100000E+0	11.668626E+0	30.000000E+0	-86.336603E+0
107.200000E+0	10.100000E+0	11.613397E+0	30.000000E+0	-86.982844E+0
107.300000E+0	10.100000E+0	11.558168E+0	30.000000E+0	-87.601469E+0
107.400000E+0	10.100000E+0	11.484529E+0	30.000000E+0	-88.192481E+0
107.500000E+0	10.100000E+0	11.429300E+0	30.000000E+0	-88.700648E+0
107.600000E+0	10.100000E+0	11.410890E+0	30.000000E+0	-89.227226E+0
107.700000E+0	10.100000E+0	11.337252E+0	30.000000E+0	-89.836646E+0
107.800000E+0	10.100000E+0	11.282022E+0	30.000000E+0	-90.271175E+0
107.900000E+0	10.100000E+0	11.226793E+0	30.000000E+0	-90.724114E+0
108.000000E+0	10.100000E+0	11.153155E+0	30.000000E+0	-91.149438E+0
108.100000E+0	10.100000E+0	11.097926E+0	30.000000E+0	-91.491919E+0
108.200000E+0	10.100000E+0	11.042697E+0	30.000000E+0	-91.852809E+0
108.300000E+0	10.100000E+0	10.969058E+0	30.000000E+0	-92.186085E+0
108.400000E+0	10.100000E+0	10.932239E+0	30.000000E+0	-92.436517E+0
108.500000E+0	10.100000E+0	10.877010E+0	30.000000E+0	-92.760588E+0
108.600000E+0	10.100000E+0	10.840190E+0	30.000000E+0	-93.011020E+0
108.700000E+0	10.100000E+0	10.766551E+0	30.000000E+0	-93.289067E+0
108.800000E+0	10.100000E+0	10.711322E+0	30.000000E+0	-93.438245E+0
108.900000E+0	10.100000E+0	10.656093E+0	30.000000E+0	-93.605834E+0
109.000000E+0	10.100000E+0	10.600864E+0	30.000000E+0	-93.745808E+0
109.100000E+0	10.100000E+0	10.527226E+0	30.000000E+0	-93.858168E+0
109.200000E+0	10.100000E+0	10.490406E+0	30.000000E+0	-93.887684E+0
109.300000E+0	10.100000E+0	10.435177E+0	30.000000E+0	-93.990838E+0
109.400000E+0	10.100000E+0	10.379948E+0	30.000000E+0	-94.020354E+0
109.500000E+0	10.100000E+0	10.306309E+0	30.000000E+0	-94.022256E+0
109.600000E+0	10.100000E+0	10.269490E+0	30.000000E+0	-93.941314E+0
109.700000E+0	10.100000E+0	10.232671E+0	30.000000E+0	-93.934010E+0
109.800000E+0	10.100000E+0	10.159032E+0	30.000000E+0	-93.908297E+0
109.900000E+0	10.100000E+0	10.103803E+0	30.000000E+0	-93.753717E+0
110.000000E+0	10.100000E+0	10.030164E+0	30.000000E+0	-93.617545E+0
110.100000E+0	10.100000E+0	9.974935E+0	30.000000E+0	-93.398531E+0
110.200000E+0	10.100000E+0	9.919706E+0	30.000000E+0	-93.197926E+0
110.300000E+0	10.100000E+0	9.846067E+0	30.000000E+0	-92.969706E+0
110.400000E+0	10.100000E+0	9.790838E+0	30.000000E+0	-92.658643E+0
110.500000E+0	10.100000E+0	9.717200E+0	30.000000E+0	-92.365990E+0
110.600000E+0	10.100000E+0	9.680380E+0	30.000000E+0	-91.990493E+0
110.700000E+0	10.100000E+0	9.643561E+0	30.000000E+0	-91.688634E+0
110.800000E+0	10.100000E+0	9.569922E+0	30.000000E+0	-91.368366E+0
110.900000E+0	10.100000E+0	9.514693E+0	30.000000E+0	-90.919231E+0
111.000000E+0	10.100000E+0	9.459464E+0	30.000000E+0	-90.488505E+0
111.100000E+0	10.100000E+0	9.367416E+0	30.000000E+0	-90.030164E+0
111.200000E+0	10.100000E+0	9.312187E+0	30.000000E+0	-89.433751E+0
111.300000E+0	10.100000E+0	9.256958E+0	30.000000E+0	-88.901772E+0
111.400000E+0	10.100000E+0	9.201729E+0	30.000000E+0	-88.342178E+0
111.500000E+0	10.100000E+0	9.164909E+0	30.000000E+0	-87.754970E+0
111.600000E+0	10.100000E+0	9.072861E+0	30.000000E+0	-87.195376E+0
111.700000E+0	10.100000E+0	9.054451E+0	30.000000E+0	-86.451685E+0
111.800000E+0	10.100000E+0	8.980812E+0	30.000000E+0	-85.882887E+0
111.900000E+0	10.100000E+0	8.907174E+0	30.000000E+0	-85.139196E+0
112.000000E+0	10.100000E+0	8.833535E+0	30.000000E+0	-84.358686E+0
112.100000E+0	10.100000E+0	8.778306E+0	30.000000E+0	-83.541357E+0
112.200000E+0	10.100000E+0	8.741487E+0	30.000000E+0	-82.742437E+0
112.300000E+0	10.100000E+0	8.667848E+0	30.000000E+0	-81.971132E+0
112.400000E+0	10.100000E+0	8.612619E+0	30.000000E+0	-81.070959E+0
112.500000E+0	10.100000E+0	8.557390E+0	30.000000E+0	-80.189196E+0
112.600000E+0	10.100000E+0	8.502161E+0	30.000000E+0	-79.279818E+0
112.700000E+0	10.100000E+0	8.446932E+0	30.000000E+0	-78.342826E+0
112.800000E+0	10.100000E+0	8.410112E+0	30.000000E+0	-77.378220E+0
112.900000E+0	10.100000E+0	8.354883E+0	30.000000E+0	-76.441227E+0
113.000000E+0	10.100000E+0	8.299654E+0	30.000000E+0	-75.430596E+0
113.100000E+0	10.100000E+0	8.226016E+0	30.000000E+0	-74.392351E+0
113.200000E+0	10.100000E+0	8.170787E+0	30.000000E+0	-73.271262E+0
113.300000E+0	10.100000E+0	8.115557E+0	30.000000E+0	-72.168583E+0
113.400000E+0	10.100000E+0	8.078738E+0	30.000000E+0	-71.038289E+0
113.500000E+0	10.100000E+0	8.005099E+0	30.000000E+0	-69.935609E+0
113.600000E+0	10.100000E+0	7.968280E+0	30.000000E+0	-68.704062E+0
113.700000E+0	10.100000E+0	7.894641E+0	30.000000E+0	-67.546154E+0
113.800000E+0	10.100000E+0	7.857822E+0	30.000000E+0	-66.259378E+0
113.900000E+0	10.100000E+0	7.784183E+0	30.000000E+0	-65.046240E+0
114.000000E+0	10.100000E+0	7.747364E+0	30.000000E+0	-63.704235E+0
114.100000E+0	10.100000E+0	7.710545E+0	30.000000E+0	-62.435869E+0
114.200000E+0	10.100000E+0	7.636906E+0	30.000000E+0	-61.149092E+0
114.300000E+0	10.100000E+0	7.563267E+0	30.000000E+0	-59.733449E+0
114.400000E+0	10.100000E+0	7.526448E+0	30.000000E+0	-58.280985E+0
114.500000E+0	10.100000E+0	7.471219E+0	30.000000E+0	-56.902161E+0
114.600000E+0	10.100000E+0	7.415990E+0	30.000000E+0	-55.449697E+0
114.700000E+0	10.100000E+0	7.360761E+0	30.000000E+0	-53.969620E+0
114.800000E+0	10.100000E+0	7.305532E+0	30.000000E+0	-52.461927E+0
114.900000E+0	10.100000E+0	7.250303E+0	30.000000E+0	-50.926621E+0
115.000000E+0	10.100000E+0	7.213483E+0	30.000000E+0	-49.363699E+0
115.100000E+0	10.100000E+0	7.158254E+0	30.000000E+0	-47.828392E+0
115.200000E+0	10.100000E+0	7.103025E+0	30.000000E+0	-46.219447E+0
115.300000E+0	10.100000E+0	7.047796E+0	30.000000E+0	-44.582887E+0
115.400000E+0	10.100000E+0	6.974157E+0	30.000000E+0	-42.918712E+0
115.500000E+0	10.100000E+0	6.937338E+0	30.000000E+0	-41.171694E+0
115.600000E+0	10.100000E+0	6.882109E+0	30.000000E+0	-39.498315E+0
115.700000E+0	10.100000E+0	6.826880E+0	30.000000E+0	-37.751296E+0
115.800000E+0	10.100000E+0	6.771651E+0	30.000000E+0	-35.976664E+0
115.900000E+0	10.100000E+0	6.716422E+0	30.000000E+0	-34.174417E+0
116.000000E+0	10.100000E+0	6.679602E+0	30.000000E+0	-32.344555E+0
116.100000E+0	10.100000E+0	6.624373E+0	30.000000E+0	-30.542308E+0
116.200000E+0	10.100000E+0	6.569144E+0	30.000000E+0	-28.666422E+0
116.300000E+0	10.100000E+0	6.532325E+0	30.000000E+0	-26.762921E+0
116.400000E+0	10.100000E+0	6.458686E+0	30.000000E+0	-24.887035E+0
116.500000E+0	10.100000E+0	6.403457E+0	30.000000E+0	-22.882282E+0
116.600000E+0	10.100000E+0	6.366638E+0	30.000000E+0	-20.895938E+0
116.700000E+0	10.100000E+0	6.311409E+0	30.000000E+0	-18.937208E+0
116.800000E+0	10.100000E+0	6.256180E+0	30.000000E+0	-16.904840E+0
116.900000E+0	10.100000E+0	6.219360E+0	30.000000E+0	-14.844857E+0
117.000000E+0	10.100000E+0	6.164131E+0	30.000000E+0	-12.812489E+0
117.100000E+0	10.100000E+0	6.108902E+0	30.000000E+0	-10.706482E+0
117.200000E+0	10.100000E+0	6.053673E+0	30.000000E+0	-8.572861E+0
117.300000E+0	10.100000E+0	5.998444E+0	30.000000E+0	-6.411625E+0
117.400000E+0	10.100000E+0	5.943215E+0	30.000000E+0	-4.222774E+0
117.500000E+0	10.100000E+0	5.887986E+0	30.000000E+0	-2.006309E+0
117.600000E+0	10.100000E+0	5.832757E+0	30.000000E+0	237.770095E-3
117.700000E+0	10.100000E+0	5.795938E+0	30.000000E+0	2.509464E+0
117.800000E+0	10.100000E+0	5.740709E+0	30.000000E+0	4.753544E+0
117.900000E+0	10.100000E+0	5.703889E+0	30.000000E+0	7.071262E+0
118.000000E+0	10.100000E+0	5.667070E+0	30.000000E+0	9.361366E+0
118.100000E+0	10.100000E+0	5.648660E+0	30.000000E+0	11.669879E+0
118.200000E+0	10.100000E+0	5.667070E+0	30.000000E+0	13.941573E+0
118.300000E+0	10.100000E+0	5.667070E+0	30.000000E+0	16.112014E+0
118.400000E+0	10.100000E+0	5.685480E+0	30.000000E+0	18.328479E+0
118.500000E+0	10.100000E+0	5.722299E+0	30.000000E+0	20.489715E+0
118.600000E+0	10.100000E+0	5.759118E+0	30.000000E+0	22.586517E+0
118.700000E+0	10.100000E+0	5.795938E+0	30.000000E+0	24.664909E+0
118.800000E+0	10.100000E+0	5.832757E+0	30.000000E+0	26.724892E+0
118.900000E+0	10.100000E+0	5.814347E+0	30.000000E+0	28.766465E+0
119.000000E+0	10.100000E+0	5.832757E+0	30.000000E+0	30.955315E+0
119.100000E+0	10.100000E+0	5.814347E+0	30.000000E+0	33.042913E+0
119.200000E+0	10.100000E+0	5.906396E+0	30.000000E+0	35.231763E+0
119.300000E+0	10.100000E+0	5.998444E+0	30.000000E+0	37.098444E+0
119.400000E+0	10.100000E+0	6.072083E+0	30.000000E+0	38.919101E+0
119.500000E+0	10.100000E+0	6.164131E+0	30.000000E+0	40.748963E+0
119.600000E+0	10.100000E+0	6.237770E+0	30.000000E+0	42.486776E+0
119.700000E+0	10.100000E+0	6.292999E+0	30.000000E+0	44.233794E+0
119.800000E+0	10.100000E+0	6.421867E+0	30.000000E+0	45.999222E+0
119.900000E+0	10.100000E+0	6.734831E+0	30.000000E+0	47.516119E+0
120.000000E+0	10.100000E+0	7.231893E+0	30.000000E+0	48.416292E+0
120.100000E+0	10.100000E+0	7.323941E+0	30.000000E+0	48.607692E+0
120.200000E+0	10.100000E+0	7.323941E+0	30.000000E+0	49.765601E+0
120.300000E+0	10.100000E+0	7.618496E+0	30.000000E+0	51.153630E+0
120.400000E+0	10.100000E+0	7.581677E+0	30.000000E+0	51.657995E+0
120.500000E+0	10.100000E+0	7.913051E+0	30.000000E+0	53.009205E+0
120.600000E+0	10.100000E+0	7.857822E+0	30.000000E+0	53.274244E+0
120.700000E+0	10.100000E+0	8.262835E+0	30.000000E+0	54.533405E+0
120.800000E+0	10.100000E+0	8.097148E+0	30.000000E+0	54.439455E+0
120.900000E+0	10.100000E+0	8.686258E+0	30.000000E+0	55.855099E+0
121.000000E+0	10.100000E+0	8.815125E+0	30.000000E+0	55.089196E+0
121.100000E+0	10.100000E+0	8.667848E+0	30.000000E+0	55.409464E+0
121.200000E+0	10.100000E+0	8.833535E+0	30.000000E+0	56.493734E+0
121.300000E+0	10.100000E+0	9.091271E+0	30.000000E+0	56.712748E+0
121.400000E+0	10.100000E+0	9.256958E+0	30.000000E+0	56.572774E+0
121.500000E+0	10.100000E+0	9.128090E+0	30.000000E+0	56.580078E+0
121.600000E+0	10.100000E+0	9.275367E+0	30.000000E+0	57.388202E+0
121.700000E+0	10.100000E+0	9.477874E+0	30.000000E+0	57.432325E+0
121.800000E+0	10.100000E+0	9.754019E+0	30.000000E+0	57.237122E+0
121.900000E+0	10.100000E+0	9.919706E+0	30.000000E+0	56.719749E+0
122.000000E+0	10.100000E+0	10.195851E+0	30.000000E+0	56.395678E+0
122.100000E+0	10.100000E+0	10.287900E+0	30.000000E+0	55.657390E+0
122.200000E+0	10.100000E+0	10.140622E+0	30.000000E+0	55.333319E+0
122.300000E+0	10.100000E+0	10.214261E+0	30.000000E+0	55.681201E+0
122.400000E+0	10.100000E+0	10.490406E+0	30.000000E+0	55.439974E+0
122.500000E+0	10.100000E+0	10.858600E+0	30.000000E+0	54.554408E+0
122.600000E+0	10.100000E+0	10.913829E+0	30.000000E+0	53.254624E+0
122.700000E+0	10.100000E+0	11.042697E+0	30.000000E+0	52.709637E+0
122.800000E+0	10.100000E+0	11.189974E+0	30.000000E+0	51.916119E+0
122.900000E+0	10.100000E+0	11.245203E+0	30.000000E+0	51.002939E+0
123.000000E+0	10.100000E+0	11.300432E+0	30.000000E+0	50.292264E+0
123.100000E+0	10.100000E+0	11.337252E+0	30.000000E+0	49.553976E+0
123.200000E+0	10.100000E+0	11.594987E+0	30.000000E+0	48.843302E+0
123.300000E+0	10.100000E+0	11.723855E+0	30.000000E+0	47.451469E+0
123.400000E+0	10.100000E+0	11.705445E+0	30.000000E+0	46.317373E+0
123.500000E+0	10.100000E+0	11.687035E+0	30.000000E+0	45.560674E+0
123.600000E+0	10.100000E+0	11.907952E+0	30.000000E+0	44.813181E+0
123.700000E+0	10.100000E+0	11.981590E+0	30.000000E+0	43.356914E+0
123.800000E+0	10.100000E+0	12.018410E+0	30.000000E+0	42.232022E+0
123.900000E+0	10.100000E+0	12.165687E+0	30.000000E+0	41.180769E+0
124.000000E+0	10.100000E+0	12.220916E+0	30.000000E+0	39.779732E+0
124.100000E+0	10.100000E+0	12.276145E+0	30.000000E+0	38.581201E+0
124.200000E+0	10.100000E+0	12.460242E+0	30.000000E+0	37.355056E+0
124.300000E+0	10.100000E+0	12.533881E+0	30.000000E+0	35.714693E+0
124.400000E+0	10.100000E+0	12.644339E+0	30.000000E+0	34.313656E+0
124.500000E+0	10.100000E+0	12.736387E+0	30.000000E+0	32.765341E+0
124.600000E+0	10.100000E+0	12.846845E+0	30.000000E+0	31.217027E+0
124.700000E+0	10.100000E+0	12.902074E+0	30.000000E+0	29.567459E+0
124.800000E+0	10.100000E+0	13.030942E+0	30.000000E+0	28.028349E+0
124.900000E+0	10.100000E+0	13.104581E+0	30.000000E+0	26.240709E+0
125.000000E+0	10.100000E+0	13.178220E+0	30.000000E+0	24.554322E+0
125.100000E+0	10.100000E+0	13.251858E+0	30.000000E+0	22.831115E+0
125.200000E+0	10.100000E+0	13.343907E+0	30.000000E+0	21.071089E+0
125.300000E+0	10.100000E+0	13.399136E+0	30.000000E+0	19.219015E+0
125.400000E+0	10.100000E+0	13.472774E+0	30.000000E+0	17.431374E+0
125.500000E+0	10.100000E+0	13.546413E+0	30.000000E+0	15.560890E+0
125.600000E+0	10.100000E+0	13.693691E+0	30.000000E+0	13.653587E+0
125.700000E+0	10.100000E+0	13.712100E+0	30.000000E+0	11.488548E+0
125.800000E+0	10.100000E+0	13.785739E+0	30.000000E+0	9.636474E+0
125.900000E+0	10.100000E+0	13.896197E+0	30.000000E+0	7.609507E+0
126.000000E+0	10.100000E+0	14.025065E+0	30.000000E+0	5.435264E+0
126.100000E+0	10.100000E+0	14.080294E+0	30.000000E+0	3.150562E+0
126.200000E+0	10.100000E+0	13.914607E+0	30.000000E+0	1.022342E+0
126.300000E+0	10.100000E+0	13.840968E+0	30.000000E+0	-470.743302E-3
126.400000E+0	10.100000E+0	14.061884E+0	30.000000E+0	-2.157131E+0
126.500000E+0	10.100000E+0	14.117113E+0	30.000000E+0	-4.690363E+0
126.600000E+0	10.100000E+0	14.043475E+0	30.000000E+0	-6.836992E+0
126.700000E+0	10.100000E+0	14.080294E+0	30.000000E+0	-8.624633E+0
126.800000E+0	10.100000E+0	14.025065E+0	30.000000E+0	-10.706828E+0
126.900000E+0	10.100000E+0	14.006655E+0	30.000000E+0	-12.531288E+0
127.000000E+0	10.100000E+0	13.988245E+0	30.000000E+0	-14.438591E+0
127.100000E+0	10.100000E+0	13.951426E+0	30.000000E+0	-16.336690E+0
127.200000E+0	10.100000E+0	13.933016E+0	30.000000E+0	-18.170354E+0
127.300000E+0	10.100000E+0	13.914607E+0	30.000000E+0	-20.040838E+0
127.400000E+0	10.100000E+0	13.896197E+0	30.000000E+0	-21.902118E+0
127.500000E+0	10.100000E+0	13.840968E+0	30.000000E+0	-23.754192E+0
127.600000E+0	10.100000E+0	13.785739E+0	30.000000E+0	-25.486603E+0
127.700000E+0	10.100000E+0	13.785739E+0	30.000000E+0	-27.191400E+0
127.800000E+0	10.100000E+0	13.730510E+0	30.000000E+0	-29.034270E+0
127.900000E+0	10.100000E+0	13.675281E+0	30.000000E+0	-30.711452E+0
128.000000E+0	10.100000E+0	13.620052E+0	30.000000E+0	-32.361020E+0
128.100000E+0	10.100000E+0	13.583232E+0	30.000000E+0	-33.982973E+0
128.200000E+0	10.100000E+0	13.528003E+0	30.000000E+0	-35.632541E+0
128.300000E+0	10.100000E+0	13.472774E+0	30.000000E+0	-37.208470E+0
128.400000E+0	10.100000E+0	13.435955E+0	30.000000E+0	-38.756785E+0
128.500000E+0	10.100000E+0	13.380726E+0	30.000000E+0	-40.332714E+0
128.600000E+0	10.100000E+0	13.325497E+0	30.000000E+0	-41.835004E+0
128.700000E+0	10.100000E+0	13.270268E+0	30.000000E+0	-43.309680E+0
128.800000E+0	10.100000E+0	13.215039E+0	30.000000E+0	-44.756742E+0
128.900000E+0	10.100000E+0	13.159810E+0	30.000000E+0	-46.176188E+0
129.000000E+0	10.100000E+0	13.104581E+0	30.000000E+0	-47.568021E+0
129.100000E+0	10.100000E+0	13.030942E+0	30.000000E+0	-48.932239E+0
129.200000E+0	10.100000E+0	12.975713E+0	30.000000E+0	-50.213613E+0
129.300000E+0	10.100000E+0	12.920484E+0	30.000000E+0	-51.513397E+0
129.400000E+0	10.100000E+0	12.865255E+0	30.000000E+0	-52.785566E+0
129.500000E+0	10.100000E+0	12.810026E+0	30.000000E+0	-54.030121E+0
129.600000E+0	10.100000E+0	12.736387E+0	30.000000E+0	-55.247061E+0
129.700000E+0	10.100000E+0	12.681158E+0	30.000000E+0	-56.381158E+0
129.800000E+0	10.100000E+0	12.607519E+0	30.000000E+0	-57.533665E+0
129.900000E+0	10.100000E+0	12.570700E+0	30.000000E+0	-58.603328E+0
130.000000E+0	10.100000E+0	12.515471E+0	30.000000E+0	-59.746629E+0
130.100000E+0	10.100000E+0	12.441832E+0	30.000000E+0	-60.816292E+0
130.200000E+0	10.100000E+0	12.368194E+0	30.000000E+0	-61.803111E+0
130.300000E+0	10.100000E+0	12.312965E+0	30.000000E+0	-62.753111E+0
130.400000E+0	10.100000E+0	12.257736E+0	30.000000E+0	-63.721521E+0
130.500000E+0	10.100000E+0	12.184097E+0	30.000000E+0	-64.662316E+0
130.600000E+0	10.100000E+0	12.147277E+0	30.000000E+0	-65.520268E+0
130.700000E+0	10.100000E+0	12.073639E+0	30.000000E+0	-66.451858E+0
130.800000E+0	10.100000E+0	12.000000E+0	30.000000E+0	-67.254581E+0
130.900000E+0	10.100000E+0	11.944771E+0	30.000000E+0	-68.020484E+0
131.000000E+0	10.100000E+0	11.907952E+0	30.000000E+0	-68.804797E+0
131.100000E+0	10.100000E+0	11.852723E+0	30.000000E+0	-69.616724E+0
131.200000E+0	10.100000E+0	11.779084E+0	30.000000E+0	-70.355013E+0
131.300000E+0	10.100000E+0	11.723855E+0	30.000000E+0	-71.010458E+0
131.400000E+0	10.100000E+0	11.668626E+0	30.000000E+0	-71.684313E+0
131.500000E+0	10.100000E+0	11.613397E+0	30.000000E+0	-72.330553E+0
131.600000E+0	10.100000E+0	11.558168E+0	30.000000E+0	-72.949179E+0
131.700000E+0	10.100000E+0	11.484529E+0	30.000000E+0	-73.540190E+0
131.800000E+0	10.100000E+0	11.429300E+0	30.000000E+0	-74.048358E+0
131.900000E+0	10.100000E+0	11.392481E+0	30.000000E+0	-74.574935E+0
132.000000E+0	10.100000E+0	11.337252E+0	30.000000E+0	-75.129127E+0
132.100000E+0	10.100000E+0	11.282022E+0	30.000000E+0	-75.609680E+0
132.200000E+0	10.100000E+0	11.226793E+0	30.000000E+0	-76.062619E+0
132.300000E+0	10.100000E+0	11.171564E+0	30.000000E+0	-76.487943E+0
132.400000E+0	10.100000E+0	11.097926E+0	30.000000E+0	-76.885653E+0
132.500000E+0	10.100000E+0	11.042697E+0	30.000000E+0	-77.200519E+0
132.600000E+0	10.100000E+0	10.969058E+0	30.000000E+0	-77.533794E+0
132.700000E+0	10.100000E+0	10.932239E+0	30.000000E+0	-77.784226E+0
132.800000E+0	10.100000E+0	10.877010E+0	30.000000E+0	-78.108297E+0
132.900000E+0	10.100000E+0	10.821780E+0	30.000000E+0	-78.358729E+0
133.000000E+0	10.100000E+0	10.784961E+0	30.000000E+0	-78.581547E+0
133.100000E+0	10.100000E+0	10.711322E+0	30.000000E+0	-78.831979E+0
133.200000E+0	10.100000E+0	10.656093E+0	30.000000E+0	-78.953544E+0
133.300000E+0	10.100000E+0	10.600864E+0	30.000000E+0	-79.093518E+0
133.400000E+0	10.100000E+0	10.527226E+0	30.000000E+0	-79.205877E+0
133.500000E+0	10.100000E+0	10.490406E+0	30.000000E+0	-79.235393E+0
133.600000E+0	10.100000E+0	10.416768E+0	30.000000E+0	-79.338548E+0
133.700000E+0	10.100000E+0	10.379948E+0	30.000000E+0	-79.312835E+0
133.800000E+0	10.100000E+0	10.324719E+0	30.000000E+0	-79.360761E+0
133.900000E+0	10.100000E+0	10.269490E+0	30.000000E+0	-79.335048E+0
134.000000E+0	10.100000E+0	10.232671E+0	30.000000E+0	-79.281720E+0
134.100000E+0	10.100000E+0	10.159032E+0	30.000000E+0	-79.256007E+0
134.200000E+0	10.100000E+0	10.085393E+0	30.000000E+0	-79.101426E+0
134.300000E+0	10.100000E+0	10.030164E+0	30.000000E+0	-78.910026E+0
134.400000E+0	10.100000E+0	9.974935E+0	30.000000E+0	-78.737035E+0
134.500000E+0	10.100000E+0	9.919706E+0	30.000000E+0	-78.536430E+0
134.600000E+0	10.100000E+0	9.846067E+0	30.000000E+0	-78.308211E+0
134.700000E+0	10.100000E+0	9.790838E+0	30.000000E+0	-77.997148E+0
134.800000E+0	10.100000E+0	9.735609E+0	30.000000E+0	-77.704494E+0
134.900000E+0	10.100000E+0	9.643561E+0	30.000000E+0	-77.384226E+0
135.000000E+0	10.100000E+0	9.625151E+0	30.000000E+0	-76.925886E+0
135.100000E+0	10.100000E+0	9.551513E+0	30.000000E+0	-76.642437E+0
135.200000E+0	10.100000E+0	9.496283E+0	30.000000E+0	-76.184097E+0
135.300000E+0	10.100000E+0	9.441054E+0	30.000000E+0	-75.744166E+0
135.400000E+0	10.100000E+0	9.385825E+0	30.000000E+0	-75.276621E+0
135.500000E+0	10.100000E+0	9.330596E+0	30.000000E+0	-74.781461E+0
135.600000E+0	10.100000E+0	9.275367E+0	30.000000E+0	-74.258686E+0
135.700000E+0	10.100000E+0	9.201729E+0	30.000000E+0	-73.708297E+0
135.800000E+0	10.100000E+0	9.146500E+0	30.000000E+0	-73.075065E+0
135.900000E+0	10.100000E+0	9.072861E+0	30.000000E+0	-72.460242E+0
136.000000E+0	10.100000E+0	9.054451E+0	30.000000E+0	-71.762576E+0
136.100000E+0	10.100000E+0	8.980812E+0	30.000000E+0	-71.193777E+0
136.200000E+0	10.100000E+0	8.888764E+0	30.000000E+0	-70.450086E+0
136.300000E+0	10.100000E+0	8.833535E+0	30.000000E+0	-69.614347E+0
136.400000E+0	10.100000E+0	8.778306E+0	30.000000E+0	-68.843042E+0
136.500000E+0	10.100000E+0	8.723077E+0	30.000000E+0	-68.044123E+0
136.600000E+0	10.100000E+0	8.667848E+0	30.000000E+0	-67.217589E+0
136.700000E+0	10.100000E+0	8.612619E+0	30.000000E+0	-66.363440E+0
136.800000E+0	10.100000E+0	8.557390E+0	30.000000E+0	-65.481677E+0
136.900000E+0	10.100000E+0	8.520570E+0	30.000000E+0	-64.572299E+0
137.000000E+0	10.100000E+0	8.446932E+0	30.000000E+0	-63.690536E+0
137.100000E+0	10.100000E+0	8.410112E+0	30.000000E+0	-62.679905E+0
137.200000E+0	10.100000E+0	8.354883E+0	30.000000E+0	-61.742913E+0
137.300000E+0	10.100000E+0	8.299654E+0	30.000000E+0	-60.732282E+0
137.400000E+0	10.100000E+0	8.226016E+0	30.000000E+0	-59.694036E+0
137.500000E+0	10.100000E+0	8.152377E+0	30.000000E+0	-58.572947E+0
137.600000E+0	10.100000E+0	8.115557E+0	30.000000E+0	-57.415039E+0
137.700000E+0	10.100000E+0	8.078738E+0	30.000000E+0	-56.330769E+0
137.800000E+0	10.100000E+0	8.005099E+0	30.000000E+0	-55.228090E+0
137.900000E+0	10.100000E+0	7.968280E+0	30.000000E+0	-53.996543E+0
138.000000E+0	10.100000E+0	7.894641E+0	30.000000E+0	-52.838634E+0
138.100000E+0	10.100000E+0	7.857822E+0	30.000000E+0	-51.551858E+0
138.200000E+0	10.100000E+0	7.784183E+0	30.000000E+0	-50.338721E+0
138.300000E+0	10.100000E+0	7.747364E+0	30.000000E+0	-48.996716E+0
138.400000E+0	10.100000E+0	7.692135E+0	30.000000E+0	-47.728349E+0
138.500000E+0	10.100000E+0	7.636906E+0	30.000000E+0	-46.386344E+0
138.600000E+0	10.100000E+0	7.581677E+0	30.000000E+0	-45.016724E+0
138.700000E+0	10.100000E+0	7.526448E+0	30.000000E+0	-43.619490E+0
138.800000E+0	10.100000E+0	7.452809E+0	30.000000E+0	-42.194641E+0
138.900000E+0	10.100000E+0	7.415990E+0	30.000000E+0	-40.686949E+0
139.000000E+0	10.100000E+0	7.360761E+0	30.000000E+0	-39.252895E+0
139.100000E+0	10.100000E+0	7.305532E+0	30.000000E+0	-37.745203E+0
139.200000E+0	10.100000E+0	7.268712E+0	30.000000E+0	-36.209896E+0
139.300000E+0	10.100000E+0	7.213483E+0	30.000000E+0	-34.702204E+0
139.400000E+0	10.100000E+0	7.139844E+0	30.000000E+0	-33.120873E+0
139.500000E+0	10.100000E+0	7.103025E+0	30.000000E+0	-31.456698E+0
139.600000E+0	10.100000E+0	7.029386E+0	30.000000E+0	-29.866162E+0
139.700000E+0	10.100000E+0	6.974157E+0	30.000000E+0	-28.146759E+0
139.800000E+0	10.100000E+0	6.918928E+0	30.000000E+0	-26.445765E+0
139.900000E+0	10.100000E+0	6.863699E+0	30.000000E+0	-24.717156E+0
140.000000E+0	10.100000E+0	6.826880E+0	30.000000E+0	-22.960933E+0
140.100000E+0	10.100000E+0	6.771651E+0	30.000000E+0	-21.232325E+0
140.200000E+0	10.100000E+0	6.698012E+0	30.000000E+0	-19.430078E+0
140.300000E+0	10.100000E+0	6.679602E+0	30.000000E+0	-17.544987E+0
140.400000E+0	10.100000E+0	6.624373E+0	30.000000E+0	-15.788764E+0
140.500000E+0	10.100000E+0	6.569144E+0	30.000000E+0	-13.912878E+0
140.600000E+0	10.100000E+0	6.513915E+0	30.000000E+0	-12.009378E+0
140.700000E+0	10.100000E+0	6.458686E+0	30.000000E+0	-10.078263E+0
140.800000E+0	10.100000E+0	6.403457E+0	30.000000E+0	-8.119533E+0
140.900000E+0	10.100000E+0	6.366638E+0	30.000000E+0	-6.133189E+0
141.000000E+0	10.100000E+0	6.311409E+0	30.000000E+0	-4.174460E+0
141.100000E+0	10.100000E+0	6.256180E+0	30.000000E+0	-2.142092E+0
141.200000E+0	10.100000E+0	6.200951E+0	30.000000E+0	-82.108902E-3
141.300000E+0	10.100000E+0	6.145722E+0	30.000000E+0	2.005488E+0
141.400000E+0	10.100000E+0	6.090493E+0	30.000000E+0	4.120700E+0
141.500000E+0	10.100000E+0	6.090493E+0	30.000000E+0	6.263526E+0
141.600000E+0	10.100000E+0	6.072083E+0	30.000000E+0	8.268280E+0
141.700000E+0	10.100000E+0	6.035264E+0	30.000000E+0	10.328263E+0
141.800000E+0	10.100000E+0	6.035264E+0	30.000000E+0	12.452679E+0
141.900000E+0	10.100000E+0	6.072083E+0	30.000000E+0	14.485048E+0
142.000000E+0	10.100000E+0	6.072083E+0	30.000000E+0	16.406958E+0
142.100000E+0	10.100000E+0	6.090493E+0	30.000000E+0	18.420916E+0
142.200000E+0	10.100000E+0	6.108902E+0	30.000000E+0	20.379646E+0
142.300000E+0	10.100000E+0	6.127312E+0	30.000000E+0	22.329170E+0
142.400000E+0	10.100000E+0	6.182541E+0	30.000000E+0	24.269490E+0
142.500000E+0	10.100000E+0	6.219360E+0	30.000000E+0	26.090147E+0
142.600000E+0	10.100000E+0	6.219360E+0	30.000000E+0	27.938418E+0
142.700000E+0	10.100000E+0	6.237770E+0	30.000000E+0	29.878738E+0
142.800000E+0	10.100000E+0	6.292999E+0	30.000000E+0	31.763829E+0
142.900000E+0	10.100000E+0	6.403457E+0	30.000000E+0	33.529257E+0
143.000000E+0	10.100000E+0	6.513915E+0	30.000000E+0	35.101383E+0
143.100000E+0	10.100000E+0	6.495506E+0	30.000000E+0	36.618280E+0
143.200000E+0	10.100000E+0	6.587554E+0	30.000000E+0	38.466551E+0
143.300000E+0	10.100000E+0	6.642783E+0	30.000000E+0	39.992653E+0
143.400000E+0	10.100000E+0	6.605964E+0	30.000000E+0	41.583189E+0
143.500000E+0	10.100000E+0	6.698012E+0	30.000000E+0	43.422256E+0
143.600000E+0	10.100000E+0	6.771651E+0	30.000000E+0	44.893129E+0
143.700000E+0	10.100000E+0	6.992567E+0	30.000000E+0	46.373207E+0
143.800000E+0	10.100000E+0	7.287122E+0	30.000000E+0	47.374633E+0
143.900000E+0	10.100000E+0	7.287122E+0	30.000000E+0	48.044685E+0
144.000000E+0	10.100000E+0	7.692135E+0	30.000000E+0	49.451124E+0
144.100000E+0	10.100000E+0	7.857822E+0	30.000000E+0	49.642524E+0
144.200000E+0	10.100000E+0	8.023509E+0	30.000000E+0	50.349395E+0
144.300000E+0	10.100000E+0	8.060328E+0	30.000000E+0	50.973423E+0
144.400000E+0	10.100000E+0	8.170787E+0	30.000000E+0	51.901210E+0
144.500000E+0	10.100000E+0	8.354883E+0	30.000000E+0	52.589672E+0
144.600000E+0	10.100000E+0	8.299654E+0	30.000000E+0	53.001988E+0
144.700000E+0	10.100000E+0	8.520570E+0	30.000000E+0	54.040233E+0
144.800000E+0	10.100000E+0	8.815125E+0	30.000000E+0	54.277658E+0
144.900000E+0	10.100000E+0	9.017632E+0	30.000000E+0	54.183708E+0
145.000000E+0	10.100000E+0	9.183319E+0	30.000000E+0	54.218626E+0
145.100000E+0	10.100000E+0	9.312187E+0	30.000000E+0	54.262748E+0
145.200000E+0	10.100000E+0	9.349006E+0	30.000000E+0	54.334486E+0
145.300000E+0	10.100000E+0	9.809248E+0	30.000000E+0	54.617934E+0
145.400000E+0	10.100000E+0	9.956525E+0	30.000000E+0	53.612705E+0
145.500000E+0	10.100000E+0	9.919706E+0	30.000000E+0	53.316249E+0
145.600000E+0	10.100000E+0	9.974935E+0	30.000000E+0	53.498444E+0
145.700000E+0	10.100000E+0	10.103803E+0	30.000000E+0	53.422904E+0
145.800000E+0	10.100000E+0	10.306309E+0	30.000000E+0	53.098833E+0
145.900000E+0	10.100000E+0	10.306309E+0	30.000000E+0	52.489412E+0
146.000000E+0	10.100000E+0	10.656093E+0	30.000000E+0	52.386258E+0
146.100000E+0	10.100000E+0	10.877010E+0	30.000000E+0	51.233751E+0
146.200000E+0	10.100000E+0	11.116335E+0	30.000000E+0	50.292956E+0
146.300000E+0	10.100000E+0	11.005877E+0	30.000000E+0	49.186474E+0
146.400000E+0	10.100000E+0	11.153155E+0	30.000000E+0	49.009680E+0
146.500000E+0	10.100000E+0	11.429300E+0	30.000000E+0	48.114909E+0
146.600000E+0	10.100000E+0	11.410890E+0	30.000000E+0	46.759896E+0
146.700000E+0	10.100000E+0	11.521348E+0	30.000000E+0	46.150475E+0
146.800000E+0	10.100000E+0	11.539758E+0	30.000000E+0	45.163656E+0
146.900000E+0	10.100000E+0	11.650216E+0	30.000000E+0	44.397753E+0
147.000000E+0	10.100000E+0	11.742264E+0	30.000000E+0	43.346500E+0
147.100000E+0	10.100000E+0	11.797494E+0	30.000000E+0	42.295246E+0
147.200000E+0	10.100000E+0	11.760674E+0	30.000000E+0	41.308427E+0
147.300000E+0	10.100000E+0	11.889542E+0	30.000000E+0	40.570138E+0
147.400000E+0	10.100000E+0	12.073639E+0	30.000000E+0	39.353198E+0
147.500000E+0	10.100000E+0	12.092048E+0	30.000000E+0	37.906137E+0
147.600000E+0	10.100000E+0	12.349784E+0	30.000000E+0	36.864088E+0
147.700000E+0	10.100000E+0	12.441832E+0	30.000000E+0	35.094857E+0
147.800000E+0	10.100000E+0	12.441832E+0	30.000000E+0	33.693820E+0
147.900000E+0	10.100000E+0	12.533881E+0	30.000000E+0	32.522904E+0
148.000000E+0	10.100000E+0	12.607519E+0	30.000000E+0	31.075843E+0
148.100000E+0	10.100000E+0	12.681158E+0	30.000000E+0	29.637986E+0
148.200000E+0	10.100000E+0	12.754797E+0	30.000000E+0	28.163310E+0
148.300000E+0	10.100000E+0	12.883665E+0	30.000000E+0	26.651815E+0
