t [s] || setpoint level [cm] || tank level [cm] || initial flow u0 [ml.s^-1] || command PI (du) [ml.s^-1]
0,000000E+0	10,100000E+0	2,813570E+0	30,000000E+0	24,045220E+0
100,000000E-3	10,100000E+0	2,758341E+0	30,000000E+0	26,231150E+0
200,000000E-3	10,100000E+0	2,739931E+0	30,000000E+0	28,599334E+0
300,000000E-3	10,100000E+0	2,684702E+0	30,000000E+0	30,862584E+0
400,000000E-3	10,100000E+0	2,611063E+0	30,000000E+0	33,252861E+0
500,000000E-3	10,100000E+0	2,592653E+0	30,000000E+0	35,720458E+0
600,000000E-3	10,100000E+0	2,537424E+0	30,000000E+0	38,027891E+0
700,000000E-3	10,100000E+0	2,519015E+0	30,000000E+0	40,462351E+0
800,000000E-3	10,100000E+0	2,482195E+0	30,000000E+0	42,791876E+0
900,000000E-3	10,100000E+0	2,426966E+0	30,000000E+0	45,187675E+0
1,000000E+0	10,100000E+0	2,408557E+0	30,000000E+0	47,655272E+0
1,100000E+0	10,100000E+0	2,500605E+0	30,000000E+0	50,017934E+0
1,200000E+0	10,100000E+0	2,574244E+0	30,000000E+0	52,021608E+0
1,300000E+0	10,100000E+0	2,758341E+0	30,000000E+0	54,058418E+0
1,400000E+0	10,100000E+0	2,739931E+0	30,000000E+0	55,708626E+0
1,500000E+0	10,100000E+0	2,868799E+0	30,000000E+0	57,971876E+0
1,600000E+0	10,100000E+0	2,924028E+0	30,000000E+0	59,754633E+0
1,700000E+0	10,100000E+0	3,071305E+0	30,000000E+0	61,741737E+0
1,800000E+0	10,100000E+0	3,126534E+0	30,000000E+0	63,408513E+0
1,900000E+0	10,100000E+0	3,163354E+0	30,000000E+0	65,334866E+0
2,000000E+0	10,100000E+0	3,402679E+0	30,000000E+0	67,305402E+0
2,100000E+0	10,100000E+0	3,549957E+0	30,000000E+0	68,596621E+0
2,200000E+0	10,100000E+0	3,660415E+0	30,000000E+0	70,119801E+0
2,300000E+0	10,100000E+0	3,844512E+0	30,000000E+0	71,720303E+0
2,400000E+0	10,100000E+0	4,231115E+0	30,000000E+0	73,044659E+0
2,500000E+0	10,100000E+0	4,599309E+0	30,000000E+0	73,645514E+0
2,600000E+0	10,100000E+0	5,225238E+0	30,000000E+0	74,191141E+0
2,700000E+0	10,100000E+0	5,611841E+0	30,000000E+0	73,775782E+0
2,800000E+0	10,100000E+0	5,777528E+0	30,000000E+0	73,962420E+0
2,900000E+0	10,100000E+0	6,237770E+0	30,000000E+0	74,762100E+0
3,000000E+0	10,100000E+0	6,458686E+0	30,000000E+0	74,540043E+0
3,100000E+0	10,100000E+0	6,642783E+0	30,000000E+0	74,969689E+0
3,200000E+0	10,100000E+0	6,716422E+0	30,000000E+0	75,454564E+0
3,300000E+0	10,100000E+0	6,937338E+0	30,000000E+0	76,248721E+0
3,400000E+0	10,100000E+0	7,434399E+0	30,000000E+0	76,534771E+0
3,500000E+0	10,100000E+0	7,342351E+0	30,000000E+0	75,843267E+0
3,600000E+0	10,100000E+0	7,489628E+0	30,000000E+0	76,946707E+0
3,700000E+0	10,100000E+0	7,618496E+0	30,000000E+0	77,287986E+0
3,800000E+0	10,100000E+0	7,784183E+0	30,000000E+0	77,645834E+0
3,900000E+0	10,100000E+0	8,060328E+0	30,000000E+0	77,843518E+0
4,000000E+0	10,100000E+0	8,133967E+0	30,000000E+0	77,626984E+0
4,100000E+0	10,100000E+0	8,354883E+0	30,000000E+0	77,995877E+0
4,200000E+0	10,100000E+0	8,631029E+0	30,000000E+0	77,856664E+0
4,300000E+0	10,100000E+0	8,870354E+0	30,000000E+0	77,468920E+0
4,400000E+0	10,100000E+0	8,870354E+0	30,000000E+0	77,119836E+0
4,500000E+0	10,100000E+0	9,054451E+0	30,000000E+0	77,488729E+0
4,600000E+0	10,100000E+0	9,349006E+0	30,000000E+0	77,250104E+0
4,700000E+0	10,100000E+0	9,349006E+0	30,000000E+0	76,591737E+0
4,800000E+0	10,100000E+0	9,459464E+0	30,000000E+0	76,817035E+0
4,900000E+0	10,100000E+0	9,698790E+0	30,000000E+0	76,677822E+0
5,000000E+0	10,100000E+0	9,735609E+0	30,000000E+0	76,080207E+0
5,100000E+0	10,100000E+0	9,938116E+0	30,000000E+0	76,079067E+0
5,200000E+0	10,100000E+0	10,103803E+0	30,000000E+0	75,520112E+0
5,300000E+0	10,100000E+0	10,195851E+0	30,000000E+0	75,021910E+0
5,400000E+0	10,100000E+0	10,416768E+0	30,000000E+0	74,717010E+0
5,500000E+0	10,100000E+0	10,784961E+0	30,000000E+0	73,959231E+0
5,600000E+0	10,100000E+0	10,766551E+0	30,000000E+0	72,649162E+0
5,700000E+0	10,100000E+0	10,821780E+0	30,000000E+0	72,504425E+0
5,800000E+0	10,100000E+0	10,969058E+0	30,000000E+0	72,122204E+0
5,900000E+0	10,100000E+0	11,318842E+0	30,000000E+0	71,419654E+0
6,000000E+0	10,100000E+0	11,410890E+0	30,000000E+0	70,004650E+0
6,100000E+0	10,100000E+0	11,613397E+0	30,000000E+0	69,335238E+0
6,200000E+0	10,100000E+0	11,797494E+0	30,000000E+0	68,273699E+0
6,300000E+0	10,100000E+0	12,073639E+0	30,000000E+0	67,212161E+0
6,400000E+0	10,100000E+0	12,220916E+0	30,000000E+0	65,791634E+0
6,500000E+0	10,100000E+0	12,423423E+0	30,000000E+0	64,713526E+0
6,600000E+0	10,100000E+0	12,497061E+0	30,000000E+0	63,408980E+0
6,700000E+0	10,100000E+0	12,589110E+0	30,000000E+0	62,468946E+0
6,800000E+0	10,100000E+0	12,717978E+0	30,000000E+0	61,446067E+0
6,900000E+0	10,100000E+0	12,975713E+0	30,000000E+0	60,274071E+0
7,000000E+0	10,100000E+0	13,178220E+0	30,000000E+0	58,638150E+0
7,100000E+0	10,100000E+0	13,215039E+0	30,000000E+0	57,107165E+0
7,200000E+0	10,100000E+0	13,270268E+0	30,000000E+0	56,062195E+0
7,300000E+0	10,100000E+0	13,417545E+0	30,000000E+0	54,945428E+0
7,400000E+0	10,100000E+0	13,620052E+0	30,000000E+0	53,508332E+0
7,500000E+0	10,100000E+0	13,933016E+0	30,000000E+0	51,844797E+0
7,600000E+0	10,100000E+0	14,098704E+0	30,000000E+0	49,755998E+0
7,700000E+0	10,100000E+0	14,172342E+0	30,000000E+0	48,059326E+0
7,800000E+0	10,100000E+0	14,227571E+0	30,000000E+0	46,616707E+0
7,900000E+0	10,100000E+0	14,374849E+0	30,000000E+0	45,212748E+0
8,000000E+0	10,100000E+0	14,540536E+0	30,000000E+0	43,488462E+0
8,100000E+0	10,100000E+0	14,595765E+0	30,000000E+0	41,659239E+0
8,200000E+0	10,100000E+0	14,927139E+0	30,000000E+0	40,144823E+0
8,300000E+0	10,100000E+0	15,037597E+0	30,000000E+0	37,702558E+0
8,400000E+0	10,100000E+0	14,963959E+0	30,000000E+0	35,889905E+0
8,500000E+0	10,100000E+0	15,166465E+0	30,000000E+0	34,651634E+0
8,600000E+0	10,100000E+0	15,368971E+0	30,000000E+0	32,524175E+0
8,700000E+0	10,100000E+0	15,442610E+0	30,000000E+0	30,335964E+0
8,800000E+0	10,100000E+0	15,534659E+0	30,000000E+0	28,512264E+0
8,900000E+0	10,100000E+0	15,497839E+0	30,000000E+0	26,605722E+0
9,000000E+0	10,100000E+0	15,626707E+0	30,000000E+0	25,096828E+0
9,100000E+0	10,100000E+0	15,645117E+0	30,000000E+0	23,052213E+0
9,200000E+0	10,100000E+0	15,663526E+0	30,000000E+0	21,333449E+0
9,300000E+0	10,100000E+0	15,718755E+0	30,000000E+0	19,609162E+0
9,400000E+0	10,100000E+0	15,773984E+0	30,000000E+0	17,757848E+0
9,500000E+0	10,100000E+0	15,866033E+0	30,000000E+0	15,889965E+0
9,600000E+0	10,100000E+0	15,866033E+0	30,000000E+0	13,884010E+0
9,700000E+0	10,100000E+0	15,921262E+0	30,000000E+0	12,154201E+0
9,800000E+0	10,100000E+0	15,939672E+0	30,000000E+0	10,242135E+0
9,900000E+0	10,100000E+0	15,994901E+0	30,000000E+0	8,435004E+0
10,000000E+0	10,100000E+0	16,105359E+0	30,000000E+0	6,500847E+0
10,100000E+0	10,100000E+0	16,197407E+0	30,000000E+0	4,367865E+0
10,200000E+0	10,100000E+0	16,197407E+0	30,000000E+0	2,262498E+0
10,300000E+0	10,100000E+0	16,160588E+0	30,000000E+0	433,275713E-3
10,400000E+0	10,100000E+0	16,086949E+0	30,000000E+0	-1,274443E+0
10,500000E+0	10,100000E+0	16,197407E+0	30,000000E+0	-2,849611E+0
10,600000E+0	10,100000E+0	16,234226E+0	30,000000E+0	-5,010207E+0
10,700000E+0	10,100000E+0	16,215817E+0	30,000000E+0	-6,960933E+0
10,800000E+0	10,100000E+0	16,178997E+0	30,000000E+0	-8,740449E+0
10,900000E+0	10,100000E+0	16,160588E+0	30,000000E+0	-10,453691E+0
11,000000E+0	10,100000E+0	16,160588E+0	30,000000E+0	-12,216638E+0
11,100000E+0	10,100000E+0	16,142178E+0	30,000000E+0	-14,034814E+0
11,200000E+0	10,100000E+0	16,105359E+0	30,000000E+0	-15,792239E+0
11,300000E+0	10,100000E+0	16,086949E+0	30,000000E+0	-17,483388E+0
11,400000E+0	10,100000E+0	16,068539E+0	30,000000E+0	-19,224244E+0
11,500000E+0	10,100000E+0	16,031720E+0	30,000000E+0	-20,959576E+0
11,600000E+0	10,100000E+0	15,994901E+0	30,000000E+0	-22,628634E+0
11,700000E+0	10,100000E+0	15,939672E+0	30,000000E+0	-24,286646E+0
11,800000E+0	10,100000E+0	15,884443E+0	30,000000E+0	-25,872861E+0
11,900000E+0	10,100000E+0	15,829213E+0	30,000000E+0	-27,442506E+0
12,000000E+0	10,100000E+0	15,792394E+0	30,000000E+0	-28,995583E+0
12,100000E+0	10,100000E+0	15,737165E+0	30,000000E+0	-30,592844E+0
12,200000E+0	10,100000E+0	15,700346E+0	30,000000E+0	-32,118306E+0
12,300000E+0	10,100000E+0	15,645117E+0	30,000000E+0	-33,687952E+0
12,400000E+0	10,100000E+0	15,571478E+0	30,000000E+0	-35,185799E+0
12,500000E+0	10,100000E+0	15,534659E+0	30,000000E+0	-36,606327E+0
12,600000E+0	10,100000E+0	15,461020E+0	30,000000E+0	-38,126266E+0
12,700000E+0	10,100000E+0	15,405791E+0	30,000000E+0	-39,513656E+0
12,800000E+0	10,100000E+0	15,350562E+0	30,000000E+0	-40,939706E+0
12,900000E+0	10,100000E+0	15,276923E+0	30,000000E+0	-42,349188E+0
13,000000E+0	10,100000E+0	15,240104E+0	30,000000E+0	-43,681348E+0
13,100000E+0	10,100000E+0	15,166465E+0	30,000000E+0	-45,112921E+0
13,200000E+0	10,100000E+0	15,111236E+0	30,000000E+0	-46,411945E+0
13,300000E+0	10,100000E+0	15,037597E+0	30,000000E+0	-47,749628E+0
13,400000E+0	10,100000E+0	14,963959E+0	30,000000E+0	-49,009991E+0
13,500000E+0	10,100000E+0	14,927139E+0	30,000000E+0	-50,248263E+0
13,600000E+0	10,100000E+0	14,853500E+0	30,000000E+0	-51,585946E+0
13,700000E+0	10,100000E+0	14,798271E+0	30,000000E+0	-52,791080E+0
13,800000E+0	10,100000E+0	14,743042E+0	30,000000E+0	-54,034875E+0
13,900000E+0	10,100000E+0	14,669404E+0	30,000000E+0	-55,262100E+0
14,000000E+0	10,100000E+0	14,595765E+0	30,000000E+0	-56,412005E+0
14,100000E+0	10,100000E+0	14,522126E+0	30,000000E+0	-57,539818E+0
14,200000E+0	10,100000E+0	14,485307E+0	30,000000E+0	-58,645540E+0
14,300000E+0	10,100000E+0	14,411668E+0	30,000000E+0	-59,850674E+0
14,400000E+0	10,100000E+0	14,374849E+0	30,000000E+0	-60,923258E+0
14,500000E+0	10,100000E+0	14,301210E+0	30,000000E+0	-62,095255E+0
14,600000E+0	10,100000E+0	14,227571E+0	30,000000E+0	-63,134702E+0
14,700000E+0	10,100000E+0	14,172342E+0	30,000000E+0	-64,152057E+0
14,800000E+0	10,100000E+0	14,098704E+0	30,000000E+0	-65,208073E+0
14,900000E+0	10,100000E+0	14,043475E+0	30,000000E+0	-66,186768E+0
15,000000E+0	10,100000E+0	13,988245E+0	30,000000E+0	-67,204123E+0
15,100000E+0	10,100000E+0	13,914607E+0	30,000000E+0	-68,204909E+0
15,200000E+0	10,100000E+0	13,859378E+0	30,000000E+0	-69,128375E+0
15,300000E+0	10,100000E+0	13,785739E+0	30,000000E+0	-70,090501E+0
15,400000E+0	10,100000E+0	13,748920E+0	30,000000E+0	-70,975307E+0
15,500000E+0	10,100000E+0	13,656871E+0	30,000000E+0	-71,959525E+0
15,600000E+0	10,100000E+0	13,620052E+0	30,000000E+0	-72,750441E+0
15,700000E+0	10,100000E+0	13,528003E+0	30,000000E+0	-73,695998E+0
15,800000E+0	10,100000E+0	13,472774E+0	30,000000E+0	-74,448254E+0
15,900000E+0	10,100000E+0	13,399136E+0	30,000000E+0	-75,294399E+0
16,000000E+0	10,100000E+0	13,325497E+0	30,000000E+0	-76,063224E+0
16,100000E+0	10,100000E+0	13,251858E+0	30,000000E+0	-76,809957E+0
16,200000E+0	10,100000E+0	13,196629E+0	30,000000E+0	-77,534598E+0
16,300000E+0	10,100000E+0	13,141400E+0	30,000000E+0	-78,297900E+0
16,400000E+0	10,100000E+0	13,086171E+0	30,000000E+0	-79,044633E+0
16,500000E+0	10,100000E+0	13,012532E+0	30,000000E+0	-79,774797E+0
16,600000E+0	10,100000E+0	12,938894E+0	30,000000E+0	-80,427640E+0
16,700000E+0	10,100000E+0	12,883665E+0	30,000000E+0	-81,058392E+0
16,800000E+0	10,100000E+0	12,828436E+0	30,000000E+0	-81,727805E+0
16,900000E+0	10,100000E+0	12,754797E+0	30,000000E+0	-82,380648E+0
17,000000E+0	10,100000E+0	12,699568E+0	30,000000E+0	-82,956171E+0
17,100000E+0	10,100000E+0	12,607519E+0	30,000000E+0	-83,570354E+0
17,200000E+0	10,100000E+0	12,570700E+0	30,000000E+0	-84,046465E+0
17,300000E+0	10,100000E+0	12,497061E+0	30,000000E+0	-84,677217E+0
17,400000E+0	10,100000E+0	12,441832E+0	30,000000E+0	-85,175419E+0
17,500000E+0	10,100000E+0	12,368194E+0	30,000000E+0	-85,712282E+0
17,600000E+0	10,100000E+0	12,294555E+0	30,000000E+0	-86,171824E+0
17,700000E+0	10,100000E+0	12,239326E+0	30,000000E+0	-86,609274E+0
17,800000E+0	10,100000E+0	12,184097E+0	30,000000E+0	-87,085385E+0
17,900000E+0	10,100000E+0	12,128868E+0	30,000000E+0	-87,544927E+0
18,000000E+0	10,100000E+0	12,055229E+0	30,000000E+0	-87,987900E+0
18,100000E+0	10,100000E+0	12,000000E+0	30,000000E+0	-88,353552E+0
18,200000E+0	10,100000E+0	11,926361E+0	30,000000E+0	-88,757865E+0
18,300000E+0	10,100000E+0	11,889542E+0	30,000000E+0	-89,084857E+0
18,400000E+0	10,100000E+0	11,815903E+0	30,000000E+0	-89,511262E+0
18,500000E+0	10,100000E+0	11,779084E+0	30,000000E+0	-89,805117E+0
18,600000E+0	10,100000E+0	11,705445E+0	30,000000E+0	-90,198384E+0
18,700000E+0	10,100000E+0	11,650216E+0	30,000000E+0	-90,459101E+0
18,800000E+0	10,100000E+0	11,594987E+0	30,000000E+0	-90,758479E+0
18,900000E+0	10,100000E+0	11,521348E+0	30,000000E+0	-91,041288E+0
19,000000E+0	10,100000E+0	11,484529E+0	30,000000E+0	-91,246776E+0
19,100000E+0	10,100000E+0	11,410890E+0	30,000000E+0	-91,551677E+0
19,200000E+0	10,100000E+0	11,410890E+0	30,000000E+0	-91,724028E+0
19,300000E+0	10,100000E+0	11,337252E+0	30,000000E+0	-92,117295E+0
19,400000E+0	10,100000E+0	11,282022E+0	30,000000E+0	-92,267554E+0
19,500000E+0	10,100000E+0	11,189974E+0	30,000000E+0	-92,456474E+0
19,600000E+0	10,100000E+0	11,153155E+0	30,000000E+0	-92,507321E+0
19,700000E+0	10,100000E+0	11,079516E+0	30,000000E+0	-92,712809E+0
19,800000E+0	10,100000E+0	11,024287E+0	30,000000E+0	-92,785748E+0
19,900000E+0	10,100000E+0	10,969058E+0	30,000000E+0	-92,897347E+0
20,000000E+0	10,100000E+0	10,913829E+0	30,000000E+0	-92,992377E+0
20,100000E+0	10,100000E+0	10,877010E+0	30,000000E+0	-93,070838E+0
20,200000E+0	10,100000E+0	10,821780E+0	30,000000E+0	-93,193483E+0
20,300000E+0	10,100000E+0	10,766551E+0	30,000000E+0	-93,244330E+0
20,400000E+0	10,100000E+0	10,692913E+0	30,000000E+0	-93,278608E+0
20,500000E+0	10,100000E+0	10,637684E+0	30,000000E+0	-93,235566E+0
20,600000E+0	10,100000E+0	10,582455E+0	30,000000E+0	-93,231184E+0
20,700000E+0	10,100000E+0	10,527226E+0	30,000000E+0	-93,210233E+0
20,800000E+0	10,100000E+0	10,471997E+0	30,000000E+0	-93,172714E+0
20,900000E+0	10,100000E+0	10,416768E+0	30,000000E+0	-93,118626E+0
21,000000E+0	10,100000E+0	10,361538E+0	30,000000E+0	-93,047969E+0
21,100000E+0	10,100000E+0	10,306309E+0	30,000000E+0	-92,960743E+0
21,200000E+0	10,100000E+0	10,251080E+0	30,000000E+0	-92,856949E+0
21,300000E+0	10,100000E+0	10,214261E+0	30,000000E+0	-92,736586E+0
21,400000E+0	10,100000E+0	10,140622E+0	30,000000E+0	-92,660406E+0
21,500000E+0	10,100000E+0	10,085393E+0	30,000000E+0	-92,451677E+0
21,600000E+0	10,100000E+0	10,011755E+0	30,000000E+0	-92,281608E+0
21,700000E+0	10,100000E+0	9,956525E+0	30,000000E+0	-92,034218E+0
21,800000E+0	10,100000E+0	9,901296E+0	30,000000E+0	-91,825488E+0
21,900000E+0	10,100000E+0	9,846067E+0	30,000000E+0	-91,600190E+0
22,000000E+0	10,100000E+0	9,772429E+0	30,000000E+0	-91,358323E+0
22,100000E+0	10,100000E+0	9,717200E+0	30,000000E+0	-91,039136E+0
22,200000E+0	10,100000E+0	9,643561E+0	30,000000E+0	-90,758608E+0
22,300000E+0	10,100000E+0	9,625151E+0	30,000000E+0	-90,400761E+0
22,400000E+0	10,100000E+0	9,551513E+0	30,000000E+0	-90,203077E+0
22,500000E+0	10,100000E+0	9,496283E+0	30,000000E+0	-89,817615E+0
22,600000E+0	10,100000E+0	9,422645E+0	30,000000E+0	-89,470812E+0
22,700000E+0	10,100000E+0	9,367416E+0	30,000000E+0	-89,046690E+0
22,800000E+0	10,100000E+0	9,330596E+0	30,000000E+0	-88,661227E+0
22,900000E+0	10,100000E+0	9,256958E+0	30,000000E+0	-88,319948E+0
23,000000E+0	10,100000E+0	9,201729E+0	30,000000E+0	-87,846119E+0
23,100000E+0	10,100000E+0	9,146500E+0	30,000000E+0	-87,410951E+0
23,200000E+0	10,100000E+0	9,072861E+0	30,000000E+0	-86,959213E+0
23,300000E+0	10,100000E+0	9,036041E+0	30,000000E+0	-86,430156E+0
23,400000E+0	10,100000E+0	8,962403E+0	30,000000E+0	-86,000510E+0
23,500000E+0	10,100000E+0	8,888764E+0	30,000000E+0	-85,438315E+0
23,600000E+0	10,100000E+0	8,833535E+0	30,000000E+0	-84,854028E+0
23,700000E+0	10,100000E+0	8,778306E+0	30,000000E+0	-84,308401E+0
23,800000E+0	10,100000E+0	8,741487E+0	30,000000E+0	-83,746206E+0
23,900000E+0	10,100000E+0	8,667848E+0	30,000000E+0	-83,228194E+0
24,000000E+0	10,100000E+0	8,631029E+0	30,000000E+0	-82,577632E+0
24,100000E+0	10,100000E+0	8,575799E+0	30,000000E+0	-82,026482E+0
24,200000E+0	10,100000E+0	8,520570E+0	30,000000E+0	-81,403535E+0
24,300000E+0	10,100000E+0	8,446932E+0	30,000000E+0	-80,764019E+0
24,400000E+0	10,100000E+0	8,410112E+0	30,000000E+0	-80,047182E+0
24,500000E+0	10,100000E+0	8,336474E+0	30,000000E+0	-79,429758E+0
24,600000E+0	10,100000E+0	8,281245E+0	30,000000E+0	-78,679784E+0
24,700000E+0	10,100000E+0	8,207606E+0	30,000000E+0	-77,968470E+0
24,800000E+0	10,100000E+0	8,152377E+0	30,000000E+0	-77,179836E+0
24,900000E+0	10,100000E+0	8,115557E+0	30,000000E+0	-76,429862E+0
25,000000E+0	10,100000E+0	8,060328E+0	30,000000E+0	-75,724071E+0
25,100000E+0	10,100000E+0	8,005099E+0	30,000000E+0	-74,946482E+0
25,200000E+0	10,100000E+0	7,949870E+0	30,000000E+0	-74,152325E+0
25,300000E+0	10,100000E+0	7,876232E+0	30,000000E+0	-73,341599E+0
25,400000E+0	10,100000E+0	7,839412E+0	30,000000E+0	-72,453552E+0
25,500000E+0	10,100000E+0	7,784183E+0	30,000000E+0	-71,664918E+0
25,600000E+0	10,100000E+0	7,728954E+0	30,000000E+0	-70,804486E+0
25,700000E+0	10,100000E+0	7,673725E+0	30,000000E+0	-69,927485E+0
25,800000E+0	10,100000E+0	7,618496E+0	30,000000E+0	-69,033915E+0
25,900000E+0	10,100000E+0	7,563267E+0	30,000000E+0	-68,123777E+0
26,000000E+0	10,100000E+0	7,508038E+0	30,000000E+0	-67,197070E+0
26,100000E+0	10,100000E+0	7,452809E+0	30,000000E+0	-66,253794E+0
26,200000E+0	10,100000E+0	7,415990E+0	30,000000E+0	-65,293950E+0
26,300000E+0	10,100000E+0	7,360761E+0	30,000000E+0	-64,378289E+0
26,400000E+0	10,100000E+0	7,287122E+0	30,000000E+0	-63,390830E+0
26,500000E+0	10,100000E+0	7,250303E+0	30,000000E+0	-62,326050E+0
26,600000E+0	10,100000E+0	7,195073E+0	30,000000E+0	-61,360683E+0
26,700000E+0	10,100000E+0	7,139844E+0	30,000000E+0	-60,323518E+0
26,800000E+0	10,100000E+0	7,084615E+0	30,000000E+0	-59,269784E+0
26,900000E+0	10,100000E+0	7,029386E+0	30,000000E+0	-58,199481E+0
27,000000E+0	10,100000E+0	6,974157E+0	30,000000E+0	-57,112610E+0
27,100000E+0	10,100000E+0	6,918928E+0	30,000000E+0	-56,009170E+0
27,200000E+0	10,100000E+0	6,863699E+0	30,000000E+0	-54,889162E+0
27,300000E+0	10,100000E+0	6,826880E+0	30,000000E+0	-53,752584E+0
27,400000E+0	10,100000E+0	6,753241E+0	30,000000E+0	-52,660190E+0
27,500000E+0	10,100000E+0	6,679602E+0	30,000000E+0	-51,435246E+0
27,600000E+0	10,100000E+0	6,679602E+0	30,000000E+0	-50,188211E+0
27,700000E+0	10,100000E+0	6,605964E+0	30,000000E+0	-49,162092E+0
27,800000E+0	10,100000E+0	6,569144E+0	30,000000E+0	-47,892965E+0
27,900000E+0	10,100000E+0	6,513915E+0	30,000000E+0	-46,723250E+0
28,000000E+0	10,100000E+0	6,458686E+0	30,000000E+0	-45,481737E+0
28,100000E+0	10,100000E+0	6,403457E+0	30,000000E+0	-44,223656E+0
28,200000E+0	10,100000E+0	6,348228E+0	30,000000E+0	-42,949006E+0
28,300000E+0	10,100000E+0	6,311409E+0	30,000000E+0	-41,657787E+0
28,400000E+0	10,100000E+0	6,237770E+0	30,000000E+0	-40,410752E+0
28,500000E+0	10,100000E+0	6,200951E+0	30,000000E+0	-39,031167E+0
28,600000E+0	10,100000E+0	6,127312E+0	30,000000E+0	-37,750994E+0
28,700000E+0	10,100000E+0	6,090493E+0	30,000000E+0	-36,338271E+0
28,800000E+0	10,100000E+0	6,035264E+0	30,000000E+0	-35,024961E+0
28,900000E+0	10,100000E+0	5,980035E+0	30,000000E+0	-33,639853E+0
29,000000E+0	10,100000E+0	5,943215E+0	30,000000E+0	-32,238176E+0
29,100000E+0	10,100000E+0	5,887986E+0	30,000000E+0	-30,880683E+0
29,200000E+0	10,100000E+0	5,814347E+0	30,000000E+0	-29,451392E+0
29,300000E+0	10,100000E+0	5,777528E+0	30,000000E+0	-27,944780E+0
29,400000E+0	10,100000E+0	5,722299E+0	30,000000E+0	-26,537580E+0
29,500000E+0	10,100000E+0	5,648660E+0	30,000000E+0	-25,058583E+0
29,600000E+0	10,100000E+0	5,611841E+0	30,000000E+0	-23,502264E+0
29,700000E+0	10,100000E+0	5,556612E+0	30,000000E+0	-22,045359E+0
29,800000E+0	10,100000E+0	5,501383E+0	30,000000E+0	-20,516655E+0
29,900000E+0	10,100000E+0	5,464564E+0	30,000000E+0	-18,971383E+0
30,000000E+0	10,100000E+0	5,409334E+0	30,000000E+0	-17,470294E+0
30,100000E+0	10,100000E+0	5,354105E+0	30,000000E+0	-15,897407E+0
30,200000E+0	10,100000E+0	5,298876E+0	30,000000E+0	-14,307952E+0
30,300000E+0	10,100000E+0	5,262057E+0	30,000000E+0	-12,701927E+0
30,400000E+0	10,100000E+0	5,206828E+0	30,000000E+0	-11,140086E+0
30,500000E+0	10,100000E+0	5,151599E+0	30,000000E+0	-9,506448E+0
30,600000E+0	10,100000E+0	5,096370E+0	30,000000E+0	-7,856240E+0
30,700000E+0	10,100000E+0	5,059551E+0	30,000000E+0	-6,189464E+0
30,800000E+0	10,100000E+0	5,004322E+0	30,000000E+0	-4,566871E+0
30,900000E+0	10,100000E+0	4,949092E+0	30,000000E+0	-2,872481E+0
31,000000E+0	10,100000E+0	4,912273E+0	30,000000E+0	-1,161521E+0
31,100000E+0	10,100000E+0	4,857044E+0	30,000000E+0	505,254970E-3
31,200000E+0	10,100000E+0	4,820225E+0	30,000000E+0	2,243829E+0
31,300000E+0	10,100000E+0	4,783405E+0	30,000000E+0	3,938220E+0
31,400000E+0	10,100000E+0	4,783405E+0	30,000000E+0	5,643656E+0
31,500000E+0	10,100000E+0	4,764996E+0	30,000000E+0	7,238634E+0
31,600000E+0	10,100000E+0	4,764996E+0	30,000000E+0	8,894365E+0
31,700000E+0	10,100000E+0	4,801815E+0	30,000000E+0	10,494866E+0
31,800000E+0	10,100000E+0	4,801815E+0	30,000000E+0	11,973863E+0
31,900000E+0	10,100000E+0	4,801815E+0	30,000000E+0	13,563319E+0
32,000000E+0	10,100000E+0	4,838634E+0	30,000000E+0	15,152774E+0
32,100000E+0	10,100000E+0	4,857044E+0	30,000000E+0	16,620726E+0
32,200000E+0	10,100000E+0	4,838634E+0	30,000000E+0	18,138384E+0
32,300000E+0	10,100000E+0	4,893863E+0	30,000000E+0	19,772022E+0
32,400000E+0	10,100000E+0	4,893863E+0	30,000000E+0	21,168176E+0
32,500000E+0	10,100000E+0	4,912273E+0	30,000000E+0	22,730017E+0
32,600000E+0	10,100000E+0	4,949092E+0	30,000000E+0	24,231106E+0
32,700000E+0	10,100000E+0	4,949092E+0	30,000000E+0	25,665920E+0
32,800000E+0	10,100000E+0	4,985912E+0	30,000000E+0	27,211193E+0
32,900000E+0	10,100000E+0	5,041141E+0	30,000000E+0	28,634961E+0
33,000000E+0	10,100000E+0	5,059551E+0	30,000000E+0	29,986932E+0
33,100000E+0	10,100000E+0	5,243647E+0	30,000000E+0	31,443838E+0
33,200000E+0	10,100000E+0	5,335696E+0	30,000000E+0	32,348453E+0
33,300000E+0	10,100000E+0	5,427744E+0	30,000000E+0	33,501599E+0
33,400000E+0	10,100000E+0	5,482973E+0	30,000000E+0	34,627131E+0
33,500000E+0	10,100000E+0	5,446154E+0	30,000000E+0	35,846551E+0
33,600000E+0	10,100000E+0	5,464564E+0	30,000000E+0	37,353163E+0
33,700000E+0	10,100000E+0	5,464564E+0	30,000000E+0	38,688565E+0
33,800000E+0	10,100000E+0	5,611841E+0	30,000000E+0	40,079196E+0
33,900000E+0	10,100000E+0	5,722299E+0	30,000000E+0	40,983812E+0
34,000000E+0	10,100000E+0	5,814347E+0	30,000000E+0	41,965748E+0
34,100000E+0	10,100000E+0	5,906396E+0	30,000000E+0	42,975298E+0
34,200000E+0	10,100000E+0	6,164131E+0	30,000000E+0	43,957234E+0
34,300000E+0	10,100000E+0	6,366638E+0	30,000000E+0	44,364788E+0
34,400000E+0	10,100000E+0	6,587554E+0	30,000000E+0	44,877277E+0
34,500000E+0	10,100000E+0	6,863699E+0	30,000000E+0	45,268263E+0
34,600000E+0	10,100000E+0	7,250303E+0	30,000000E+0	45,410717E+0
34,700000E+0	10,100000E+0	7,250303E+0	30,000000E+0	45,105817E+0
34,800000E+0	10,100000E+0	7,434399E+0	30,000000E+0	45,960726E+0
34,900000E+0	10,100000E+0	7,857822E+0	30,000000E+0	46,208116E+0
35,000000E+0	10,100000E+0	8,152377E+0	30,000000E+0	45,610501E+0
35,100000E+0	10,100000E+0	7,839412E+0	30,000000E+0	45,311124E+0
35,200000E+0	10,100000E+0	7,949870E+0	30,000000E+0	46,928194E+0
35,300000E+0	10,100000E+0	8,005099E+0	30,000000E+0	47,241858E+0
35,400000E+0	10,100000E+0	8,041919E+0	30,000000E+0	47,704641E+0
35,500000E+0	10,100000E+0	8,041919E+0	30,000000E+0	48,211608E+0
35,600000E+0	10,100000E+0	8,170787E+0	30,000000E+0	48,829032E+0
35,700000E+0	10,100000E+0	8,299654E+0	30,000000E+0	49,021193E+0
35,800000E+0	10,100000E+0	8,299654E+0	30,000000E+0	49,174693E+0
35,900000E+0	10,100000E+0	8,502161E+0	30,000000E+0	49,714797E+0
36,000000E+0	10,100000E+0	8,594209E+0	30,000000E+0	49,586629E+0
36,100000E+0	10,100000E+0	8,667848E+0	30,000000E+0	49,762221E+0
36,200000E+0	10,100000E+0	9,036041E+0	30,000000E+0	49,970951E+0
36,300000E+0	10,100000E+0	9,183319E+0	30,000000E+0	49,185557E+0
36,400000E+0	10,100000E+0	9,275367E+0	30,000000E+0	49,018729E+0
36,500000E+0	10,100000E+0	9,349006E+0	30,000000E+0	48,989974E+0
36,600000E+0	10,100000E+0	9,422645E+0	30,000000E+0	48,994356E+0
36,700000E+0	10,100000E+0	9,588332E+0	30,000000E+0	48,976646E+0
36,800000E+0	10,100000E+0	9,680380E+0	30,000000E+0	48,633086E+0
36,900000E+0	10,100000E+0	9,790838E+0	30,000000E+0	48,482826E+0
37,000000E+0	10,100000E+0	9,809248E+0	30,000000E+0	48,244201E+0
37,100000E+0	10,100000E+0	9,956525E+0	30,000000E+0	48,276197E+0
37,200000E+0	10,100000E+0	10,140622E+0	30,000000E+0	47,877407E+0
37,300000E+0	10,100000E+0	10,159032E+0	30,000000E+0	47,312930E+0
37,400000E+0	10,100000E+0	10,251080E+0	30,000000E+0	47,239991E+0
37,500000E+0	10,100000E+0	10,416768E+0	30,000000E+0	46,918522E+0
37,600000E+0	10,100000E+0	10,508816E+0	30,000000E+0	46,326430E+0
37,700000E+0	10,100000E+0	10,692913E+0	30,000000E+0	45,927640E+0
37,800000E+0	10,100000E+0	10,729732E+0	30,000000E+0	45,197476E+0
37,900000E+0	10,100000E+0	10,840190E+0	30,000000E+0	44,898099E+0
38,000000E+0	10,100000E+0	11,005877E+0	30,000000E+0	44,344667E+0
38,100000E+0	10,100000E+0	11,079516E+0	30,000000E+0	43,575843E+0
38,200000E+0	10,100000E+0	11,282022E+0	30,000000E+0	43,061072E+0
38,300000E+0	10,100000E+0	11,429300E+0	30,000000E+0	42,098946E+0
38,400000E+0	10,100000E+0	11,484529E+0	30,000000E+0	41,258323E+0
38,500000E+0	10,100000E+0	11,558168E+0	30,000000E+0	40,677277E+0
38,600000E+0	10,100000E+0	11,779084E+0	30,000000E+0	40,018911E+0
38,700000E+0	10,100000E+0	11,779084E+0	30,000000E+0	38,852437E+0
38,800000E+0	10,100000E+0	12,036819E+0	30,000000E+0	38,348712E+0
38,900000E+0	10,100000E+0	12,220916E+0	30,000000E+0	36,994460E+0
39,000000E+0	10,100000E+0	12,368194E+0	30,000000E+0	35,805895E+0
39,100000E+0	10,100000E+0	12,423423E+0	30,000000E+0	34,683604E+0
39,200000E+0	10,100000E+0	12,386603E+0	30,000000E+0	33,820890E+0
39,300000E+0	10,100000E+0	12,533881E+0	30,000000E+0	33,245367E+0
39,400000E+0	10,100000E+0	12,625929E+0	30,000000E+0	32,073371E+0
39,500000E+0	10,100000E+0	12,699568E+0	30,000000E+0	31,039447E+0
39,600000E+0	10,100000E+0	12,791616E+0	30,000000E+0	30,038660E+0
39,700000E+0	10,100000E+0	12,846845E+0	30,000000E+0	28,955030E+0
39,800000E+0	10,100000E+0	12,902074E+0	30,000000E+0	27,965290E+0
39,900000E+0	10,100000E+0	12,994123E+0	30,000000E+0	26,958980E+0
40,000000E+0	10,100000E+0	13,086171E+0	30,000000E+0	25,814598E+0
40,100000E+0	10,100000E+0	13,122990E+0	30,000000E+0	24,642602E+0
40,200000E+0	10,100000E+0	13,196629E+0	30,000000E+0	23,625246E+0
40,300000E+0	10,100000E+0	13,270268E+0	30,000000E+0	22,475341E+0
40,400000E+0	10,100000E+0	13,399136E+0	30,000000E+0	21,303345E+0
40,500000E+0	10,100000E+0	13,454365E+0	30,000000E+0	19,927001E+0
40,600000E+0	10,100000E+0	13,564823E+0	30,000000E+0	18,755004E+0
40,700000E+0	10,100000E+0	13,730510E+0	30,000000E+0	17,384183E+0
40,800000E+0	10,100000E+0	13,785739E+0	30,000000E+0	15,797969E+0
40,900000E+0	10,100000E+0	13,840968E+0	30,000000E+0	14,526560E+0
41,000000E+0	10,100000E+0	13,877787E+0	30,000000E+0	13,238583E+0
41,100000E+0	10,100000E+0	13,914607E+0	30,000000E+0	11,994788E+0
41,200000E+0	10,100000E+0	13,914607E+0	30,000000E+0	10,739948E+0
41,300000E+0	10,100000E+0	13,933016E+0	30,000000E+0	9,595566E+0
41,400000E+0	10,100000E+0	14,061884E+0	30,000000E+0	8,390432E+0
41,500000E+0	10,100000E+0	14,043475E+0	30,000000E+0	6,815264E+0
41,600000E+0	10,100000E+0	14,098704E+0	30,000000E+0	5,687450E+0
41,700000E+0	10,100000E+0	14,172342E+0	30,000000E+0	4,322152E+0
41,800000E+0	10,100000E+0	14,098704E+0	30,000000E+0	2,879533E+0
41,900000E+0	10,100000E+0	14,135523E+0	30,000000E+0	1,900838E+0
42,000000E+0	10,100000E+0	14,227571E+0	30,000000E+0	579,723423E-3
42,100000E+0	10,100000E+0	14,172342E+0	30,000000E+0	-934,693172E-3
42,200000E+0	10,100000E+0	14,209162E+0	30,000000E+0	-1,990709E+0
42,300000E+0	10,100000E+0	14,245981E+0	30,000000E+0	-3,333915E+0
42,400000E+0	10,100000E+0	14,245981E+0	30,000000E+0	-4,688168E+0
42,500000E+0	10,100000E+0	14,264391E+0	30,000000E+0	-5,931962E+0
42,600000E+0	10,100000E+0	14,227571E+0	30,000000E+0	-7,236508E+0
42,700000E+0	10,100000E+0	14,209162E+0	30,000000E+0	-8,364322E+0
42,800000E+0	10,100000E+0	14,172342E+0	30,000000E+0	-9,541841E+0
42,900000E+0	10,100000E+0	14,172342E+0	30,000000E+0	-10,653086E+0
43,000000E+0	10,100000E+0	14,135523E+0	30,000000E+0	-11,874788E+0
43,100000E+0	10,100000E+0	14,117113E+0	30,000000E+0	-12,974987E+0
43,200000E+0	10,100000E+0	14,098704E+0	30,000000E+0	-14,124892E+0
43,300000E+0	10,100000E+0	14,061884E+0	30,000000E+0	-15,269274E+0
43,400000E+0	10,100000E+0	14,061884E+0	30,000000E+0	-16,347381E+0
43,500000E+0	10,100000E+0	14,043475E+0	30,000000E+0	-17,535946E+0
43,600000E+0	10,100000E+0	14,006655E+0	30,000000E+0	-18,663760E+0
43,700000E+0	10,100000E+0	13,951426E+0	30,000000E+0	-19,725298E+0
43,800000E+0	10,100000E+0	13,914607E+0	30,000000E+0	-20,715039E+0
43,900000E+0	10,100000E+0	13,877787E+0	30,000000E+0	-21,748963E+0
44,000000E+0	10,100000E+0	13,822558E+0	30,000000E+0	-22,771841E+0
44,100000E+0	10,100000E+0	13,785739E+0	30,000000E+0	-23,722921E+0
44,200000E+0	10,100000E+0	13,748920E+0	30,000000E+0	-24,718185E+0
44,300000E+0	10,100000E+0	13,712100E+0	30,000000E+0	-25,702403E+0
44,400000E+0	10,100000E+0	13,638462E+0	30,000000E+0	-26,675575E+0
44,500000E+0	10,100000E+0	13,583232E+0	30,000000E+0	-27,516197E+0
44,600000E+0	10,100000E+0	13,528003E+0	30,000000E+0	-28,395480E+0
44,700000E+0	10,100000E+0	13,491184E+0	30,000000E+0	-29,258194E+0
44,800000E+0	10,100000E+0	13,435955E+0	30,000000E+0	-30,165091E+0
44,900000E+0	10,100000E+0	13,380726E+0	30,000000E+0	-31,000190E+0
45,000000E+0	10,100000E+0	13,325497E+0	30,000000E+0	-31,818721E+0
45,100000E+0	10,100000E+0	13,288678E+0	30,000000E+0	-32,620683E+0
45,200000E+0	10,100000E+0	13,215039E+0	30,000000E+0	-33,466828E+0
45,300000E+0	10,100000E+0	13,178220E+0	30,000000E+0	-34,180424E+0
45,400000E+0	10,100000E+0	13,122990E+0	30,000000E+0	-34,993431E+0
45,500000E+0	10,100000E+0	13,049352E+0	30,000000E+0	-35,734641E+0
45,600000E+0	10,100000E+0	13,012532E+0	30,000000E+0	-36,398531E+0
45,700000E+0	10,100000E+0	12,938894E+0	30,000000E+0	-37,161832E+0
45,800000E+0	10,100000E+0	12,883665E+0	30,000000E+0	-37,792584E+0
45,900000E+0	10,100000E+0	12,810026E+0	30,000000E+0	-38,461997E+0
46,000000E+0	10,100000E+0	12,736387E+0	30,000000E+0	-39,054088E+0
46,100000E+0	10,100000E+0	12,699568E+0	30,000000E+0	-39,624088E+0
46,200000E+0	10,100000E+0	12,625929E+0	30,000000E+0	-40,293500E+0
46,300000E+0	10,100000E+0	12,570700E+0	30,000000E+0	-40,830363E+0
46,400000E+0	10,100000E+0	12,497061E+0	30,000000E+0	-41,405886E+0
46,500000E+0	10,100000E+0	12,441832E+0	30,000000E+0	-41,904088E+0
46,600000E+0	10,100000E+0	12,368194E+0	30,000000E+0	-42,440951E+0
46,700000E+0	10,100000E+0	12,294555E+0	30,000000E+0	-42,900493E+0
46,800000E+0	10,100000E+0	12,239326E+0	30,000000E+0	-43,337943E+0
46,900000E+0	10,100000E+0	12,184097E+0	30,000000E+0	-43,814054E+0
47,000000E+0	10,100000E+0	12,128868E+0	30,000000E+0	-44,273596E+0
47,100000E+0	10,100000E+0	12,073639E+0	30,000000E+0	-44,716569E+0
47,200000E+0	10,100000E+0	12,018410E+0	30,000000E+0	-45,142973E+0
47,300000E+0	10,100000E+0	11,963181E+0	30,000000E+0	-45,552809E+0
47,400000E+0	10,100000E+0	11,889542E+0	30,000000E+0	-45,946076E+0
47,500000E+0	10,100000E+0	11,852723E+0	30,000000E+0	-46,262022E+0
47,600000E+0	10,100000E+0	11,779084E+0	30,000000E+0	-46,677381E+0
47,700000E+0	10,100000E+0	11,705445E+0	30,000000E+0	-46,960190E+0
47,800000E+0	10,100000E+0	11,668626E+0	30,000000E+0	-47,220908E+0
47,900000E+0	10,100000E+0	11,613397E+0	30,000000E+0	-47,581037E+0
48,000000E+0	10,100000E+0	11,558168E+0	30,000000E+0	-47,869369E+0
48,100000E+0	10,100000E+0	11,484529E+0	30,000000E+0	-48,141132E+0
48,200000E+0	10,100000E+0	11,447710E+0	30,000000E+0	-48,335575E+0
48,300000E+0	10,100000E+0	11,410890E+0	30,000000E+0	-48,629430E+0
48,400000E+0	10,100000E+0	11,337252E+0	30,000000E+0	-48,912239E+0
48,500000E+0	10,100000E+0	11,282022E+0	30,000000E+0	-49,062498E+0
48,600000E+0	10,100000E+0	11,226793E+0	30,000000E+0	-49,251417E+0
48,700000E+0	10,100000E+0	11,153155E+0	30,000000E+0	-49,423768E+0
48,800000E+0	10,100000E+0	11,097926E+0	30,000000E+0	-49,518799E+0
48,900000E+0	10,100000E+0	11,042697E+0	30,000000E+0	-49,652489E+0
49,000000E+0	10,100000E+0	10,969058E+0	30,000000E+0	-49,769611E+0
49,100000E+0	10,100000E+0	10,932239E+0	30,000000E+0	-49,809412E+0
49,200000E+0	10,100000E+0	10,895419E+0	30,000000E+0	-49,948626E+0
49,300000E+0	10,100000E+0	10,821780E+0	30,000000E+0	-50,076793E+0
49,400000E+0	10,100000E+0	10,766551E+0	30,000000E+0	-50,072411E+0
49,500000E+0	10,100000E+0	10,692913E+0	30,000000E+0	-50,106690E+0
49,600000E+0	10,100000E+0	10,656093E+0	30,000000E+0	-50,063647E+0
49,700000E+0	10,100000E+0	10,582455E+0	30,000000E+0	-50,120017E+0
49,800000E+0	10,100000E+0	10,527226E+0	30,000000E+0	-50,043838E+0
49,900000E+0	10,100000E+0	10,471997E+0	30,000000E+0	-50,006318E+0
50,000000E+0	10,100000E+0	10,398358E+0	30,000000E+0	-49,952230E+0
50,100000E+0	10,100000E+0	10,379948E+0	30,000000E+0	-49,820821E+0
50,200000E+0	10,100000E+0	10,306309E+0	30,000000E+0	-49,849576E+0
50,300000E+0	10,100000E+0	10,251080E+0	30,000000E+0	-49,690553E+0
50,400000E+0	10,100000E+0	10,214261E+0	30,000000E+0	-49,570190E+0
50,500000E+0	10,100000E+0	10,159032E+0	30,000000E+0	-49,494010E+0
50,600000E+0	10,100000E+0	10,085393E+0	30,000000E+0	-49,346033E+0
50,700000E+0	10,100000E+0	10,011755E+0	30,000000E+0	-49,120735E+0
50,800000E+0	10,100000E+0	9,956525E+0	30,000000E+0	-48,873345E+0
50,900000E+0	10,100000E+0	9,901296E+0	30,000000E+0	-48,664615E+0
51,000000E+0	10,100000E+0	9,846067E+0	30,000000E+0	-48,439317E+0
51,100000E+0	10,100000E+0	9,790838E+0	30,000000E+0	-48,197450E+0
51,200000E+0	10,100000E+0	9,735609E+0	30,000000E+0	-47,939015E+0
51,300000E+0	10,100000E+0	9,661971E+0	30,000000E+0	-47,664010E+0
51,400000E+0	10,100000E+0	9,625151E+0	30,000000E+0	-47,311685E+0
51,500000E+0	10,100000E+0	9,551513E+0	30,000000E+0	-47,058773E+0
51,600000E+0	10,100000E+0	9,496283E+0	30,000000E+0	-46,673310E+0
51,700000E+0	10,100000E+0	9,441054E+0	30,000000E+0	-46,326508E+0
51,800000E+0	10,100000E+0	9,385825E+0	30,000000E+0	-45,963137E+0
51,900000E+0	10,100000E+0	9,330596E+0	30,000000E+0	-45,583198E+0
52,000000E+0	10,100000E+0	9,275367E+0	30,000000E+0	-45,186690E+0
52,100000E+0	10,100000E+0	9,201729E+0	30,000000E+0	-44,773613E+0
52,200000E+0	10,100000E+0	9,164909E+0	30,000000E+0	-44,283215E+0
52,300000E+0	10,100000E+0	9,091271E+0	30,000000E+0	-43,892230E+0
52,400000E+0	10,100000E+0	9,054451E+0	30,000000E+0	-43,368695E+0
52,500000E+0	10,100000E+0	8,962403E+0	30,000000E+0	-42,944572E+0
52,600000E+0	10,100000E+0	8,888764E+0	30,000000E+0	-42,327148E+0
52,700000E+0	10,100000E+0	8,851945E+0	30,000000E+0	-41,742861E+0
52,800000E+0	10,100000E+0	8,796716E+0	30,000000E+0	-41,257986E+0
52,900000E+0	10,100000E+0	8,741487E+0	30,000000E+0	-40,701314E+0
53,000000E+0	10,100000E+0	8,686258E+0	30,000000E+0	-40,128073E+0
53,100000E+0	10,100000E+0	8,612619E+0	30,000000E+0	-39,538263E+0
53,200000E+0	10,100000E+0	8,575799E+0	30,000000E+0	-38,871132E+0
53,300000E+0	10,100000E+0	8,520570E+0	30,000000E+0	-38,303414E+0
53,400000E+0	10,100000E+0	8,465341E+0	30,000000E+0	-37,663898E+0
53,500000E+0	10,100000E+0	8,428522E+0	30,000000E+0	-37,007813E+0
53,600000E+0	10,100000E+0	8,354883E+0	30,000000E+0	-36,395912E+0
53,700000E+0	10,100000E+0	8,299654E+0	30,000000E+0	-35,651461E+0
53,800000E+0	10,100000E+0	8,226016E+0	30,000000E+0	-34,945670E+0
53,900000E+0	10,100000E+0	8,170787E+0	30,000000E+0	-34,162558E+0
54,000000E+0	10,100000E+0	8,133967E+0	30,000000E+0	-33,418107E+0
54,100000E+0	10,100000E+0	8,078738E+0	30,000000E+0	-32,717839E+0
54,200000E+0	10,100000E+0	8,023509E+0	30,000000E+0	-31,945774E+0
54,300000E+0	10,100000E+0	7,968280E+0	30,000000E+0	-31,157139E+0
54,400000E+0	10,100000E+0	7,913051E+0	30,000000E+0	-30,351936E+0
54,500000E+0	10,100000E+0	7,857822E+0	30,000000E+0	-29,530164E+0
54,600000E+0	10,100000E+0	7,802593E+0	30,000000E+0	-28,691824E+0
54,700000E+0	10,100000E+0	7,728954E+0	30,000000E+0	-27,836914E+0
54,800000E+0	10,100000E+0	7,692135E+0	30,000000E+0	-26,904685E+0
54,900000E+0	10,100000E+0	7,636906E+0	30,000000E+0	-26,071867E+0
55,000000E+0	10,100000E+0	7,563267E+0	30,000000E+0	-25,167252E+0
55,100000E+0	10,100000E+0	7,526448E+0	30,000000E+0	-24,185315E+0
55,200000E+0	10,100000E+0	7,471219E+0	30,000000E+0	-23,302792E+0
55,300000E+0	10,100000E+0	7,415990E+0	30,000000E+0	-22,348470E+0
55,400000E+0	10,100000E+0	7,379170E+0	30,000000E+0	-21,377580E+0
55,500000E+0	10,100000E+0	7,305532E+0	30,000000E+0	-20,450873E+0
55,600000E+0	10,100000E+0	7,268712E+0	30,000000E+0	-19,391616E+0
55,700000E+0	10,100000E+0	7,213483E+0	30,000000E+0	-18,431772E+0
55,800000E+0	10,100000E+0	7,139844E+0	30,000000E+0	-17,400130E+0
55,900000E+0	10,100000E+0	7,084615E+0	30,000000E+0	-16,291167E+0
56,000000E+0	10,100000E+0	7,029386E+0	30,000000E+0	-15,220864E+0
56,100000E+0	10,100000E+0	6,974157E+0	30,000000E+0	-14,133993E+0
56,200000E+0	10,100000E+0	6,937338E+0	30,000000E+0	-13,030553E+0
56,300000E+0	10,100000E+0	6,882109E+0	30,000000E+0	-11,971296E+0
56,400000E+0	10,100000E+0	6,826880E+0	30,000000E+0	-10,840242E+0
56,500000E+0	10,100000E+0	6,771651E+0	30,000000E+0	-9,692619E+0
56,600000E+0	10,100000E+0	6,716422E+0	30,000000E+0	-8,528427E+0
56,700000E+0	10,100000E+0	6,679602E+0	30,000000E+0	-7,347666E+0
56,800000E+0	10,100000E+0	6,624373E+0	30,000000E+0	-6,211089E+0
56,900000E+0	10,100000E+0	6,569144E+0	30,000000E+0	-5,002714E+0
57,000000E+0	10,100000E+0	6,532325E+0	30,000000E+0	-3,777770E+0
57,100000E+0	10,100000E+0	6,477096E+0	30,000000E+0	-2,597010E+0
57,200000E+0	10,100000E+0	6,458686E+0	30,000000E+0	-1,344451E+0
57,300000E+0	10,100000E+0	6,458686E+0	30,000000E+0	-196,828003E-3
57,400000E+0	10,100000E+0	6,403457E+0	30,000000E+0	895,566119E-3
57,500000E+0	10,100000E+0	6,385048E+0	30,000000E+0	2,170216E+0
57,600000E+0	10,100000E+0	6,403457E+0	30,000000E+0	3,339931E+0
57,700000E+0	10,100000E+0	6,385048E+0	30,000000E+0	4,393665E+0
57,800000E+0	10,100000E+0	6,403457E+0	30,000000E+0	5,563379E+0
57,900000E+0	10,100000E+0	6,403457E+0	30,000000E+0	6,617113E+0
58,000000E+0	10,100000E+0	6,403457E+0	30,000000E+0	7,726076E+0
58,100000E+0	10,100000E+0	6,440277E+0	30,000000E+0	8,835039E+0
58,200000E+0	10,100000E+0	6,403457E+0	30,000000E+0	9,822498E+0
58,300000E+0	10,100000E+0	6,458686E+0	30,000000E+0	11,041919E+0
58,400000E+0	10,100000E+0	6,477096E+0	30,000000E+0	11,968626E+0
58,500000E+0	10,100000E+0	6,477096E+0	30,000000E+0	13,000268E+0
58,600000E+0	10,100000E+0	6,495506E+0	30,000000E+0	14,087139E+0
58,700000E+0	10,100000E+0	6,550735E+0	30,000000E+0	15,113258E+0
58,800000E+0	10,100000E+0	6,569144E+0	30,000000E+0	16,012351E+0
58,900000E+0	10,100000E+0	6,532325E+0	30,000000E+0	17,016379E+0
59,000000E+0	10,100000E+0	6,550735E+0	30,000000E+0	18,197139E+0
59,100000E+0	10,100000E+0	6,624373E+0	30,000000E+0	19,206690E+0
59,200000E+0	10,100000E+0	6,661193E+0	30,000000E+0	20,028462E+0
59,300000E+0	10,100000E+0	6,679602E+0	30,000000E+0	20,949646E+0
59,400000E+0	10,100000E+0	6,698012E+0	30,000000E+0	21,920536E+0
59,500000E+0	10,100000E+0	6,698012E+0	30,000000E+0	22,885903E+0
59,600000E+0	10,100000E+0	6,716422E+0	30,000000E+0	23,906500E+0
59,700000E+0	10,100000E+0	6,753241E+0	30,000000E+0	24,866344E+0
59,800000E+0	10,100000E+0	6,790061E+0	30,000000E+0	25,759914E+0
59,900000E+0	10,100000E+0	6,882109E+0	30,000000E+0	26,642437E+0
60,000000E+0	10,100000E+0	6,974157E+0	30,000000E+0	27,331659E+0
60,100000E+0	10,100000E+0	6,955748E+0	30,000000E+0	27,993267E+0
60,200000E+0	10,100000E+0	7,047796E+0	30,000000E+0	28,991772E+0
60,300000E+0	10,100000E+0	7,213483E+0	30,000000E+0	29,631288E+0
60,400000E+0	10,100000E+0	7,250303E+0	30,000000E+0	30,000182E+0
60,500000E+0	10,100000E+0	7,360761E+0	30,000000E+0	30,744633E+0
60,600000E+0	10,100000E+0	7,526448E+0	30,000000E+0	31,235030E+0
60,700000E+0	10,100000E+0	7,600086E+0	30,000000E+0	31,510035E+0
60,800000E+0	10,100000E+0	7,544857E+0	30,000000E+0	32,039092E+0
60,900000E+0	10,100000E+0	7,563267E+0	30,000000E+0	32,971322E+0
61,000000E+0	10,100000E+0	7,636906E+0	30,000000E+0	33,677113E+0
61,100000E+0	10,100000E+0	7,784183E+0	30,000000E+0	34,195125E+0
61,200000E+0	10,100000E+0	7,839412E+0	30,000000E+0	34,448038E+0
61,300000E+0	10,100000E+0	7,968280E+0	30,000000E+0	34,960527E+0
61,400000E+0	10,100000E+0	7,968280E+0	30,000000E+0	35,213440E+0
61,500000E+0	10,100000E+0	8,097148E+0	30,000000E+0	35,852956E+0
61,600000E+0	10,100000E+0	8,226016E+0	30,000000E+0	36,067208E+0
61,700000E+0	10,100000E+0	8,391703E+0	30,000000E+0	36,242800E+0
61,800000E+0	10,100000E+0	8,520570E+0	30,000000E+0	36,258228E+0
61,900000E+0	10,100000E+0	8,594209E+0	30,000000E+0	36,345454E+0
62,000000E+0	10,100000E+0	8,833535E+0	30,000000E+0	36,576275E+0
62,100000E+0	10,100000E+0	8,888764E+0	30,000000E+0	36,238237E+0
62,200000E+0	10,100000E+0	9,036041E+0	30,000000E+0	36,435920E+0
62,300000E+0	10,100000E+0	9,072861E+0	30,000000E+0	36,313276E+0
62,400000E+0	10,100000E+0	9,072861E+0	30,000000E+0	36,510959E+0
62,500000E+0	10,100000E+0	9,146500E+0	30,000000E+0	36,819101E+0
62,600000E+0	10,100000E+0	9,293777E+0	30,000000E+0	36,884235E+0
62,700000E+0	10,100000E+0	9,441054E+0	30,000000E+0	36,684270E+0
62,800000E+0	10,100000E+0	9,477874E+0	30,000000E+0	36,440121E+0
62,900000E+0	10,100000E+0	9,643561E+0	30,000000E+0	36,516301E+0
63,000000E+0	10,100000E+0	9,809248E+0	30,000000E+0	36,156171E+0
63,100000E+0	10,100000E+0	9,809248E+0	30,000000E+0	35,746335E+0
63,200000E+0	10,100000E+0	9,864477E+0	30,000000E+0	35,833561E+0
63,300000E+0	10,100000E+0	10,030164E+0	30,000000E+0	35,738531E+0
63,400000E+0	10,100000E+0	10,048574E+0	30,000000E+0	35,262420E+0
63,500000E+0	10,100000E+0	10,103803E+0	30,000000E+0	35,222619E+0
63,600000E+0	10,100000E+0	10,324719E+0	30,000000E+0	35,055791E+0
63,700000E+0	10,100000E+0	10,490406E+0	30,000000E+0	34,325627E+0
63,800000E+0	10,100000E+0	10,471997E+0	30,000000E+0	33,711443E+0
63,900000E+0	10,100000E+0	10,564045E+0	30,000000E+0	33,655073E+0
64,000000E+0	10,100000E+0	10,692913E+0	30,000000E+0	33,239715E+0
64,100000E+0	10,100000E+0	10,674503E+0	30,000000E+0	32,675238E+0
64,200000E+0	10,100000E+0	10,674503E+0	30,000000E+0	32,558116E+0
64,300000E+0	10,100000E+0	10,821780E+0	30,000000E+0	32,385765E+0
64,400000E+0	10,100000E+0	10,950648E+0	30,000000E+0	31,727398E+0
64,500000E+0	10,100000E+0	10,969058E+0	30,000000E+0	31,085601E+0
64,600000E+0	10,100000E+0	11,042697E+0	30,000000E+0	30,769654E+0
64,700000E+0	10,100000E+0	11,245203E+0	30,000000E+0	30,265929E+0
64,800000E+0	10,100000E+0	11,355661E+0	30,000000E+0	29,314849E+0
64,900000E+0	10,100000E+0	11,337252E+0	30,000000E+0	28,606776E+0
65,000000E+0	10,100000E+0	11,392481E+0	30,000000E+0	28,290830E+0
65,100000E+0	10,100000E+0	11,429300E+0	30,000000E+0	27,737398E+0
65,200000E+0	10,100000E+0	11,466119E+0	30,000000E+0	27,228150E+0
65,300000E+0	10,100000E+0	11,631806E+0	30,000000E+0	26,707857E+0
65,400000E+0	10,100000E+0	11,705445E+0	30,000000E+0	25,751253E+0
65,500000E+0	10,100000E+0	11,760674E+0	30,000000E+0	25,048704E+0
65,600000E+0	10,100000E+0	11,797494E+0	30,000000E+0	24,384814E+0
65,700000E+0	10,100000E+0	11,834313E+0	30,000000E+0	23,765108E+0
65,800000E+0	10,100000E+0	11,871132E+0	30,000000E+0	23,134356E+0
65,900000E+0	10,100000E+0	11,926361E+0	30,000000E+0	22,492558E+0
66,000000E+0	10,100000E+0	12,055229E+0	30,000000E+0	21,778963E+0
66,100000E+0	10,100000E+0	12,220916E+0	30,000000E+0	20,805791E+0
66,200000E+0	10,100000E+0	12,257736E+0	30,000000E+0	19,672455E+0
66,300000E+0	10,100000E+0	12,312965E+0	30,000000E+0	18,914676E+0
66,400000E+0	10,100000E+0	12,331374E+0	30,000000E+0	18,085099E+0
66,500000E+0	10,100000E+0	12,478652E+0	30,000000E+0	17,360458E+0
66,600000E+0	10,100000E+0	12,460242E+0	30,000000E+0	16,205030E+0
66,700000E+0	10,100000E+0	12,497061E+0	30,000000E+0	15,552187E+0
66,800000E+0	10,100000E+0	12,478652E+0	30,000000E+0	14,722610E+0
66,900000E+0	10,100000E+0	12,497061E+0	30,000000E+0	14,064244E+0
67,000000E+0	10,100000E+0	12,552290E+0	30,000000E+0	13,289896E+0
67,100000E+0	10,100000E+0	12,607519E+0	30,000000E+0	12,388522E+0
67,200000E+0	10,100000E+0	12,681158E+0	30,000000E+0	11,470579E+0
67,300000E+0	10,100000E+0	12,717978E+0	30,000000E+0	10,475315E+0
67,400000E+0	10,100000E+0	12,681158E+0	30,000000E+0	9,579464E+0
67,500000E+0	10,100000E+0	12,699568E+0	30,000000E+0	8,915575E+0
67,600000E+0	10,100000E+0	12,736387E+0	30,000000E+0	8,080475E+0
67,700000E+0	10,100000E+0	12,791616E+0	30,000000E+0	7,179101E+0
67,800000E+0	10,100000E+0	12,883665E+0	30,000000E+0	6,205929E+0
67,900000E+0	10,100000E+0	12,828436E+0	30,000000E+0	5,094685E+0
68,000000E+0	10,100000E+0	12,828436E+0	30,000000E+0	4,441841E+0
68,100000E+0	10,100000E+0	12,920484E+0	30,000000E+0	3,623310E+0
68,200000E+0	10,100000E+0	12,902074E+0	30,000000E+0	2,501020E+0
68,300000E+0	10,100000E+0	12,883665E+0	30,000000E+0	1,715627E+0
68,400000E+0	10,100000E+0	12,975713E+0	30,000000E+0	935,756266E-3
68,500000E+0	10,100000E+0	12,938894E+0	30,000000E+0	-203,102852E-3
68,600000E+0	10,100000E+0	12,938894E+0	30,000000E+0	-944,312878E-3
68,700000E+0	10,100000E+0	12,938894E+0	30,000000E+0	-1,795981E+0
68,800000E+0	10,100000E+0	12,938894E+0	30,000000E+0	-2,647649E+0
68,900000E+0	10,100000E+0	12,938894E+0	30,000000E+0	-3,499317E+0
69,000000E+0	10,100000E+0	12,938894E+0	30,000000E+0	-4,350985E+0
69,100000E+0	10,100000E+0	12,957303E+0	30,000000E+0	-5,202653E+0
69,200000E+0	10,100000E+0	12,920484E+0	30,000000E+0	-6,115073E+0
69,300000E+0	10,100000E+0	12,920484E+0	30,000000E+0	-6,850761E+0
69,400000E+0	10,100000E+0	12,902074E+0	30,000000E+0	-7,696906E+0
69,500000E+0	10,100000E+0	12,883665E+0	30,000000E+0	-8,482299E+0
69,600000E+0	10,100000E+0	12,883665E+0	30,000000E+0	-9,262169E+0
69,700000E+0	10,100000E+0	12,883665E+0	30,000000E+0	-10,097269E+0
69,800000E+0	10,100000E+0	12,883665E+0	30,000000E+0	-10,932368E+0
69,900000E+0	10,100000E+0	12,883665E+0	30,000000E+0	-11,767468E+0
70,000000E+0	10,100000E+0	12,846845E+0	30,000000E+0	-12,602567E+0
70,100000E+0	10,100000E+0	12,828436E+0	30,000000E+0	-13,316162E+0
70,200000E+0	10,100000E+0	12,810026E+0	30,000000E+0	-14,079464E+0
70,300000E+0	10,100000E+0	12,791616E+0	30,000000E+0	-14,837243E+0
70,400000E+0	10,100000E+0	12,773207E+0	30,000000E+0	-15,589499E+0
70,500000E+0	10,100000E+0	12,736387E+0	30,000000E+0	-16,336232E+0
70,600000E+0	10,100000E+0	12,754797E+0	30,000000E+0	-17,016690E+0
70,700000E+0	10,100000E+0	12,717978E+0	30,000000E+0	-17,868358E+0
70,800000E+0	10,100000E+0	12,625929E+0	30,000000E+0	-18,543293E+0
70,900000E+0	10,100000E+0	12,552290E+0	30,000000E+0	-19,024927E+0
71,000000E+0	10,100000E+0	12,533881E+0	30,000000E+0	-19,539697E+0
71,100000E+0	10,100000E+0	12,478652E+0	30,000000E+0	-20,214633E+0
71,200000E+0	10,100000E+0	12,386603E+0	30,000000E+0	-20,762541E+0
71,300000E+0	10,100000E+0	12,276145E+0	30,000000E+0	-21,172377E+0
71,400000E+0	10,100000E+0	12,165687E+0	30,000000E+0	-21,493846E+0
71,500000E+0	10,100000E+0	12,073639E+0	30,000000E+0	-21,782178E+0
71,600000E+0	10,100000E+0	11,944771E+0	30,000000E+0	-22,098124E+0
71,700000E+0	10,100000E+0	11,852723E+0	30,000000E+0	-22,264952E+0
71,800000E+0	10,100000E+0	11,723855E+0	30,000000E+0	-22,514624E+0
71,900000E+0	10,100000E+0	11,594987E+0	30,000000E+0	-22,615177E+0
72,000000E+0	10,100000E+0	11,484529E+0	30,000000E+0	-22,677070E+0
72,100000E+0	10,100000E+0	11,374071E+0	30,000000E+0	-22,761054E+0
72,200000E+0	10,100000E+0	11,263613E+0	30,000000E+0	-22,811901E+0
72,300000E+0	10,100000E+0	11,153155E+0	30,000000E+0	-22,829611E+0
72,400000E+0	10,100000E+0	11,024287E+0	30,000000E+0	-22,814183E+0
72,500000E+0	10,100000E+0	10,932239E+0	30,000000E+0	-22,678392E+0
72,600000E+0	10,100000E+0	10,821780E+0	30,000000E+0	-22,563552E+0
72,700000E+0	10,100000E+0	10,692913E+0	30,000000E+0	-22,354823E+0
72,800000E+0	10,100000E+0	10,582455E+0	30,000000E+0	-22,168185E+0
72,900000E+0	10,100000E+0	10,453587E+0	30,000000E+0	-22,168185E+0
73,000000E+0	10,100000E+0	10,343129E+0	30,000000E+0	-21,629222E+0
73,100000E+0	10,100000E+0	10,232671E+0	30,000000E+0	-21,337649E+0
73,200000E+0	10,100000E+0	10,140622E+0	30,000000E+0	-21,073691E+0
73,300000E+0	10,100000E+0	9,993345E+0	30,000000E+0	-20,599862E+0
73,400000E+0	10,100000E+0	9,882887E+0	30,000000E+0	-20,203354E+0
73,500000E+0	10,100000E+0	9,772429E+0	30,000000E+0	-19,773708E+0
73,600000E+0	10,100000E+0	9,643561E+0	30,000000E+0	-19,250173E+0
73,700000E+0	10,100000E+0	9,514693E+0	30,000000E+0	-18,687978E+0
73,800000E+0	10,100000E+0	9,404235E+0	30,000000E+0	-18,147874E+0
73,900000E+0	10,100000E+0	9,293777E+0	30,000000E+0	-17,574633E+0
74,000000E+0	10,100000E+0	9,183319E+0	30,000000E+0	-16,968254E+0
74,100000E+0	10,100000E+0	9,054451E+0	30,000000E+0	-16,267986E+0
74,200000E+0	10,100000E+0	8,925583E+0	30,000000E+0	-15,529058E+0
74,300000E+0	10,100000E+0	8,796716E+0	30,000000E+0	-14,751469E+0
74,400000E+0	10,100000E+0	8,704667E+0	30,000000E+0	-14,056724E+0
74,500000E+0	10,100000E+0	8,575799E+0	30,000000E+0	-13,212861E+0
74,600000E+0	10,100000E+0	8,465341E+0	30,000000E+0	-12,391089E+0
74,700000E+0	10,100000E+0	8,391703E+0	30,000000E+0	-11,657684E+0
74,800000E+0	10,100000E+0	8,262835E+0	30,000000E+0	-10,719931E+0
74,900000E+0	10,100000E+0	8,152377E+0	30,000000E+0	-9,804270E+0
75,000000E+0	10,100000E+0	8,097148E+0	30,000000E+0	-9,037727E+0
75,100000E+0	10,100000E+0	7,986690E+0	30,000000E+0	-8,072360E+0
75,200000E+0	10,100000E+0	7,876232E+0	30,000000E+0	-7,073855E+0
75,300000E+0	10,100000E+0	7,821003E+0	30,000000E+0	-6,224468E+0
75,400000E+0	10,100000E+0	7,747364E+0	30,000000E+0	-5,297761E+0
75,500000E+0	10,100000E+0	7,655315E+0	30,000000E+0	-4,288211E+0
75,600000E+0	10,100000E+0	7,563267E+0	30,000000E+0	-3,251046E+0
75,700000E+0	10,100000E+0	7,489628E+0	30,000000E+0	-2,247018E+0
75,800000E+0	10,100000E+0	7,415990E+0	30,000000E+0	-1,220899E+0
75,900000E+0	10,100000E+0	7,342351E+0	30,000000E+0	-172,687986E-3
76,000000E+0	10,100000E+0	7,268712E+0	30,000000E+0	897,614520E-3
76,100000E+0	10,100000E+0	7,231893E+0	30,000000E+0	1,868505E+0
76,200000E+0	10,100000E+0	7,158254E+0	30,000000E+0	2,971945E+0
76,300000E+0	10,100000E+0	7,103025E+0	30,000000E+0	4,036724E+0
76,400000E+0	10,100000E+0	7,047796E+0	30,000000E+0	5,118073E+0
76,500000E+0	10,100000E+0	6,992567E+0	30,000000E+0	6,215990E+0
76,600000E+0	10,100000E+0	6,955748E+0	30,000000E+0	7,269723E+0
76,700000E+0	10,100000E+0	6,937338E+0	30,000000E+0	8,273751E+0
76,800000E+0	10,100000E+0	6,845290E+0	30,000000E+0	9,526309E+0
76,900000E+0	10,100000E+0	6,808470E+0	30,000000E+0	10,624226E+0
77,000000E+0	10,100000E+0	6,790061E+0	30,000000E+0	11,672437E+0
77,100000E+0	10,100000E+0	6,753241E+0	30,000000E+0	12,786923E+0
77,200000E+0	10,100000E+0	6,716422E+0	30,000000E+0	13,912455E+0
77,300000E+0	10,100000E+0	6,716422E+0	30,000000E+0	14,927528E+0
77,400000E+0	10,100000E+0	6,661193E+0	30,000000E+0	16,124857E+0
77,500000E+0	10,100000E+0	6,624373E+0	30,000000E+0	17,278003E+0
77,600000E+0	10,100000E+0	6,679602E+0	30,000000E+0	18,138436E+0
77,700000E+0	10,100000E+0	6,661193E+0	30,000000E+0	19,225307E+0
77,800000E+0	10,100000E+0	6,624373E+0	30,000000E+0	20,378453E+0
77,900000E+0	10,100000E+0	6,532325E+0	30,000000E+0	21,724901E+0
78,000000E+0	10,100000E+0	6,513915E+0	30,000000E+0	22,855955E+0
78,100000E+0	10,100000E+0	6,513915E+0	30,000000E+0	23,931780E+0
78,200000E+0	10,100000E+0	6,624373E+0	30,000000E+0	24,643094E+0
78,300000E+0	10,100000E+0	6,661193E+0	30,000000E+0	25,564278E+0
78,400000E+0	10,100000E+0	6,679602E+0	30,000000E+0	26,535169E+0
78,500000E+0	10,100000E+0	6,624373E+0	30,000000E+0	27,743544E+0
78,600000E+0	10,100000E+0	6,698012E+0	30,000000E+0	28,543224E+0
78,700000E+0	10,100000E+0	6,826880E+0	30,000000E+0	29,138557E+0
78,800000E+0	10,100000E+0	6,716422E+0	30,000000E+0	30,485004E+0
78,900000E+0	10,100000E+0	6,716422E+0	30,000000E+0	31,500078E+0
79,000000E+0	10,100000E+0	6,863699E+0	30,000000E+0	32,029136E+0
79,100000E+0	10,100000E+0	6,808470E+0	30,000000E+0	33,182282E+0
79,200000E+0	10,100000E+0	6,679602E+0	30,000000E+0	34,595004E+0
79,300000E+0	10,100000E+0	6,734831E+0	30,000000E+0	35,438868E+0
79,400000E+0	10,100000E+0	6,716422E+0	30,000000E+0	36,509170E+0
79,500000E+0	10,100000E+0	6,863699E+0	30,000000E+0	37,038228E+0
79,600000E+0	10,100000E+0	6,826880E+0	30,000000E+0	38,130622E+0
79,700000E+0	10,100000E+0	6,826880E+0	30,000000E+0	39,112558E+0
79,800000E+0	10,100000E+0	7,047796E+0	30,000000E+0	39,365471E+0
79,900000E+0	10,100000E+0	7,121435E+0	30,000000E+0	40,038124E+0
80,000000E+0	10,100000E+0	7,103025E+0	30,000000E+0	40,992446E+0
80,100000E+0	10,100000E+0	7,103025E+0	30,000000E+0	40,992446E+0
80,200000E+0	10,100000E+0	7,268712E+0	30,000000E+0	41,891538E+0
80,300000E+0	10,100000E+0	7,287122E+0	30,000000E+0	42,243863E+0
80,400000E+0	10,100000E+0	7,415990E+0	30,000000E+0	43,032498E+0
80,500000E+0	10,100000E+0	7,471219E+0	30,000000E+0	43,451098E+0
80,600000E+0	10,100000E+0	7,434399E+0	30,000000E+0	44,074045E+0
80,700000E+0	10,100000E+0	7,471219E+0	30,000000E+0	44,984183E+0
80,800000E+0	10,100000E+0	7,692135E+0	30,000000E+0	45,662360E+0
80,900000E+0	10,100000E+0	7,747364E+0	30,000000E+0	45,721971E+0
81,000000E+0	10,100000E+0	7,821003E+0	30,000000E+0	46,262074E+0
81,100000E+0	10,100000E+0	7,876232E+0	30,000000E+0	46,724857E+0
81,200000E+0	10,100000E+0	7,931461E+0	30,000000E+0	47,226301E+0
81,300000E+0	10,100000E+0	7,968280E+0	30,000000E+0	47,711175E+0
81,400000E+0	10,100000E+0	8,078738E+0	30,000000E+0	48,240233E+0
81,500000E+0	10,100000E+0	8,502161E+0	30,000000E+0	48,515238E+0
81,600000E+0	10,100000E+0	8,336474E+0	30,000000E+0	47,724322E+0
81,700000E+0	10,100000E+0	8,612619E+0	30,000000E+0	48,750441E+0
81,800000E+0	10,100000E+0	8,612619E+0	30,000000E+0	48,368220E+0
81,900000E+0	10,100000E+0	8,557390E+0	30,000000E+0	48,814434E+0
82,000000E+0	10,100000E+0	8,778306E+0	30,000000E+0	49,442904E+0
82,100000E+0	10,100000E+0	8,962403E+0	30,000000E+0	49,176664E+0
82,200000E+0	10,100000E+0	8,815125E+0	30,000000E+0	48,965653E+0
82,300000E+0	10,100000E+0	8,999222E+0	30,000000E+0	49,792947E+0
82,400000E+0	10,100000E+0	9,072861E+0	30,000000E+0	49,570890E+0
82,500000E+0	10,100000E+0	9,128090E+0	30,000000E+0	49,658116E+0
82,600000E+0	10,100000E+0	9,312187E+0	30,000000E+0	49,784002E+0
82,700000E+0	10,100000E+0	9,312187E+0	30,000000E+0	49,468055E+0
82,800000E+0	10,100000E+0	9,459464E+0	30,000000E+0	49,704399E+0
82,900000E+0	10,100000E+0	9,330596E+0	30,000000E+0	49,454728E+0
83,000000E+0	10,100000E+0	9,312187E+0	30,000000E+0	50,072152E+0
83,100000E+0	10,100000E+0	9,349006E+0	30,000000E+0	50,363725E+0
83,200000E+0	10,100000E+0	9,551513E+0	30,000000E+0	50,478565E+0
83,300000E+0	10,100000E+0	9,661971E+0	30,000000E+0	50,035592E+0
83,400000E+0	10,100000E+0	9,754019E+0	30,000000E+0	49,835627E+0
83,500000E+0	10,100000E+0	10,011755E+0	30,000000E+0	49,663276E+0
83,600000E+0	10,100000E+0	10,085393E+0	30,000000E+0	48,916543E+0
83,700000E+0	10,100000E+0	10,103803E+0	30,000000E+0	48,700009E+0
83,800000E+0	10,100000E+0	10,011755E+0	30,000000E+0	48,643639E+0
83,900000E+0	10,100000E+0	9,938116E+0	30,000000E+0	48,946258E+0
84,000000E+0	10,100000E+0	9,974935E+0	30,000000E+0	49,215739E+0
84,100000E+0	10,100000E+0	10,177442E+0	30,000000E+0	49,142800E+0
84,200000E+0	10,100000E+0	10,140622E+0	30,000000E+0	48,512048E+0
84,300000E+0	10,100000E+0	10,251080E+0	30,000000E+0	48,610320E+0
84,400000E+0	10,100000E+0	10,269490E+0	30,000000E+0	48,233621E+0
84,500000E+0	10,100000E+0	10,324719E+0	30,000000E+0	48,127545E+0
84,600000E+0	10,100000E+0	10,361538E+0	30,000000E+0	47,894443E+0
84,700000E+0	10,100000E+0	10,343129E+0	30,000000E+0	47,705523E+0
84,800000E+0	10,100000E+0	10,435177E+0	30,000000E+0	47,687813E+0
84,900000E+0	10,100000E+0	10,398358E+0	30,000000E+0	47,311115E+0
85,000000E+0	10,100000E+0	10,656093E+0	30,000000E+0	47,332066E+0
85,100000E+0	10,100000E+0	10,600864E+0	30,000000E+0	46,392031E+0
85,200000E+0	10,100000E+0	10,656093E+0	30,000000E+0	46,407459E+0
85,300000E+0	10,100000E+0	10,692913E+0	30,000000E+0	46,074944E+0
85,400000E+0	10,100000E+0	10,674503E+0	30,000000E+0	45,786612E+0
85,500000E+0	10,100000E+0	10,748142E+0	30,000000E+0	45,669490E+0
85,600000E+0	10,100000E+0	10,877010E+0	30,000000E+0	45,254131E+0
85,700000E+0	10,100000E+0	10,913829E+0	30,000000E+0	44,634425E+0
85,800000E+0	10,100000E+0	10,987468E+0	30,000000E+0	44,279818E+0
85,900000E+0	10,100000E+0	10,969058E+0	30,000000E+0	43,792662E+0
86,000000E+0	10,100000E+0	11,097926E+0	30,000000E+0	43,587174E+0
86,100000E+0	10,100000E+0	11,171564E+0	30,000000E+0	42,901193E+0
86,200000E+0	10,100000E+0	11,189974E+0	30,000000E+0	42,358807E+0
86,300000E+0	10,100000E+0	11,208384E+0	30,000000E+0	41,976586E+0
86,400000E+0	10,100000E+0	11,300432E+0	30,000000E+0	41,588842E+0
86,500000E+0	10,100000E+0	11,263613E+0	30,000000E+0	40,952567E+0
86,600000E+0	10,100000E+0	11,355661E+0	30,000000E+0	40,713941E+0
86,700000E+0	10,100000E+0	11,337252E+0	30,000000E+0	40,061098E+0
86,800000E+0	10,100000E+0	11,429300E+0	30,000000E+0	39,745151E+0
86,900000E+0	10,100000E+0	11,576577E+0	30,000000E+0	39,070216E+0
87,000000E+0	10,100000E+0	11,613397E+0	30,000000E+0	38,185411E+0
87,100000E+0	10,100000E+0	11,613397E+0	30,000000E+0	37,620933E+0
87,200000E+0	10,100000E+0	11,594987E+0	30,000000E+0	37,166914E+0
87,300000E+0	10,100000E+0	11,650216E+0	30,000000E+0	36,773647E+0
87,400000E+0	10,100000E+0	11,668626E+0	30,000000E+0	36,142895E+0
87,500000E+0	10,100000E+0	11,705445E+0	30,000000E+0	35,617079E+0
87,600000E+0	10,100000E+0	11,723855E+0	30,000000E+0	35,024987E+0
87,700000E+0	10,100000E+0	11,742264E+0	30,000000E+0	34,482602E+0
87,800000E+0	10,100000E+0	11,779084E+0	30,000000E+0	33,934693E+0
87,900000E+0	10,100000E+0	11,834313E+0	30,000000E+0	33,320510E+0
88,000000E+0	10,100000E+0	11,834313E+0	30,000000E+0	32,634529E+0
88,100000E+0	10,100000E+0	11,871132E+0	30,000000E+0	32,114235E+0
88,200000E+0	10,100000E+0	11,907952E+0	30,000000E+0	31,472437E+0
88,300000E+0	10,100000E+0	11,871132E+0	30,000000E+0	30,819594E+0
88,400000E+0	10,100000E+0	11,889542E+0	30,000000E+0	30,398712E+0
88,500000E+0	10,100000E+0	11,963181E+0	30,000000E+0	29,806621E+0
88,600000E+0	10,100000E+0	12,000000E+0	30,000000E+0	29,026750E+0
88,700000E+0	10,100000E+0	12,000000E+0	30,000000E+0	28,346292E+0
88,800000E+0	10,100000E+0	12,000000E+0	30,000000E+0	27,776292E+0
88,900000E+0	10,100000E+0	11,981590E+0	30,000000E+0	27,206292E+0
89,000000E+0	10,100000E+0	12,000000E+0	30,000000E+0	26,697044E+0
89,100000E+0	10,100000E+0	12,165687E+0	30,000000E+0	26,071815E+0
89,200000E+0	10,100000E+0	12,276145E+0	30,000000E+0	24,955048E+0
89,300000E+0	10,100000E+0	12,294555E+0	30,000000E+0	23,970830E+0
89,400000E+0	10,100000E+0	12,331374E+0	30,000000E+0	23,257234E+0
89,500000E+0	10,100000E+0	12,312965E+0	30,000000E+0	22,477364E+0
89,600000E+0	10,100000E+0	12,220916E+0	30,000000E+0	21,868704E+0
89,700000E+0	10,100000E+0	12,239326E+0	30,000000E+0	21,508574E+0
89,800000E+0	10,100000E+0	12,165687E+0	30,000000E+0	20,811547E+0
89,900000E+0	10,100000E+0	12,165687E+0	30,000000E+0	20,412757E+0
90,000000E+0	10,100000E+0	12,147277E+0	30,000000E+0	19,793051E+0
90,100000E+0	10,100000E+0	12,147277E+0	30,000000E+0	19,234097E+0
90,200000E+0	10,100000E+0	12,184097E+0	30,000000E+0	18,619914E+0
90,300000E+0	10,100000E+0	12,147277E+0	30,000000E+0	17,884226E+0
90,400000E+0	10,100000E+0	12,128868E+0	30,000000E+0	17,380501E+0
90,500000E+0	10,100000E+0	12,147277E+0	30,000000E+0	16,827070E+0
90,600000E+0	10,100000E+0	12,165687E+0	30,000000E+0	16,157658E+0
90,700000E+0	10,100000E+0	12,184097E+0	30,000000E+0	15,482723E+0
90,800000E+0	10,100000E+0	12,220916E+0	30,000000E+0	14,802264E+0
90,900000E+0	10,100000E+0	12,220916E+0	30,000000E+0	14,055532E+0
91,000000E+0	10,100000E+0	12,202506E+0	30,000000E+0	13,419257E+0
91,100000E+0	10,100000E+0	12,184097E+0	30,000000E+0	12,843734E+0
91,200000E+0	10,100000E+0	12,147277E+0	30,000000E+0	12,273734E+0
91,300000E+0	10,100000E+0	12,147277E+0	30,000000E+0	11,770009E+0
91,400000E+0	10,100000E+0	12,147277E+0	30,000000E+0	11,155825E+0
91,500000E+0	10,100000E+0	12,128868E+0	30,000000E+0	10,541642E+0
91,600000E+0	10,100000E+0	12,092048E+0	30,000000E+0	9,988211E+0
91,700000E+0	10,100000E+0	12,036819E+0	30,000000E+0	9,501054E+0
91,800000E+0	10,100000E+0	12,018410E+0	30,000000E+0	9,085696E+0
91,900000E+0	10,100000E+0	12,036819E+0	30,000000E+0	8,565402E+0
92,000000E+0	10,100000E+0	11,963181E+0	30,000000E+0	7,929127E+0
92,100000E+0	10,100000E+0	11,889542E+0	30,000000E+0	7,591089E+0
92,200000E+0	10,100000E+0	12,000000E+0	30,000000E+0	7,275143E+0
92,300000E+0	10,100000E+0	11,889542E+0	30,000000E+0	6,373768E+0
92,400000E+0	10,100000E+0	11,760674E+0	30,000000E+0	6,168280E+0
92,500000E+0	10,100000E+0	11,705445E+0	30,000000E+0	6,056681E+0
92,600000E+0	10,100000E+0	11,760674E+0	30,000000E+0	5,740735E+0
92,700000E+0	10,100000E+0	11,687035E+0	30,000000E+0	5,076845E+0
92,800000E+0	10,100000E+0	11,576577E+0	30,000000E+0	4,821651E+0
92,900000E+0	10,100000E+0	11,576577E+0	30,000000E+0	4,710052E+0
93,000000E+0	10,100000E+0	11,576577E+0	30,000000E+0	4,267079E+0
93,100000E+0	10,100000E+0	11,539758E+0	30,000000E+0	3,824105E+0
93,200000E+0	10,100000E+0	11,484529E+0	30,000000E+0	3,502636E+0
93,300000E+0	10,100000E+0	11,502939E+0	30,000000E+0	3,252965E+0
93,400000E+0	10,100000E+0	11,429300E+0	30,000000E+0	2,776854E+0
93,500000E+0	10,100000E+0	11,429300E+0	30,000000E+0	2,200190E+0
93,600000E+0	10,100000E+0	11,410890E+0	30,000000E+0	1,862152E+0
93,700000E+0	10,100000E+0	11,300432E+0	30,000000E+0	1,833397E+0
93,800000E+0	10,100000E+0	11,282022E+0	30,000000E+0	1,534019E+0
93,900000E+0	10,100000E+0	11,189974E+0	30,000000E+0	1,483172E+0
94,000000E+0	10,100000E+0	11,153155E+0	30,000000E+0	1,277684E+0
94,100000E+0	10,100000E+0	11,116335E+0	30,000000E+0	1,083241E+0
94,200000E+0	10,100000E+0	11,061106E+0	30,000000E+0	960,596370E-3
94,300000E+0	10,100000E+0	11,005877E+0	30,000000E+0	854,520311E-3
94,400000E+0	10,100000E+0	10,950648E+0	30,000000E+0	765,012965E-3
94,500000E+0	10,100000E+0	10,913829E+0	30,000000E+0	631,322385E-3
94,600000E+0	10,100000E+0	10,821780E+0	30,000000E+0	690,933449E-3
94,700000E+0	10,100000E+0	10,803371E+0	30,000000E+0	535,151253E-3
94,800000E+0	10,100000E+0	10,711322E+0	30,000000E+0	627,899741E-3
94,900000E+0	10,100000E+0	10,674503E+0	30,000000E+0	566,006914E-3
95,000000E+0	10,100000E+0	10,600864E+0	30,000000E+0	636,663786E-3
95,100000E+0	10,100000E+0	10,527226E+0	30,000000E+0	729,412273E-3
95,200000E+0	10,100000E+0	10,490406E+0	30,000000E+0	722,748487E-3
95,300000E+0	10,100000E+0	10,398358E+0	30,000000E+0	909,386344E-3
95,400000E+0	10,100000E+0	10,379948E+0	30,000000E+0	880,630942E-3
95,500000E+0	10,100000E+0	10,306309E+0	30,000000E+0	1,039654E+0
95,600000E+0	10,100000E+0	10,287900E+0	30,000000E+0	1,038513E+0
95,700000E+0	10,100000E+0	10,232671E+0	30,000000E+0	1,164399E+0
95,800000E+0	10,100000E+0	10,195851E+0	30,000000E+0	1,246102E+0
95,900000E+0	10,100000E+0	10,103803E+0	30,000000E+0	1,521106E+0
96,000000E+0	10,100000E+0	10,048574E+0	30,000000E+0	1,702221E+0
96,100000E+0	10,100000E+0	9,993345E+0	30,000000E+0	1,899905E+0
96,200000E+0	10,100000E+0	9,938116E+0	30,000000E+0	2,114157E+0
96,300000E+0	10,100000E+0	9,864477E+0	30,000000E+0	2,405730E+0
96,400000E+0	10,100000E+0	9,790838E+0	30,000000E+0	2,719395E+0
96,500000E+0	10,100000E+0	9,772429E+0	30,000000E+0	2,872895E+0
96,600000E+0	10,100000E+0	9,680380E+0	30,000000E+0	3,274927E+0
96,700000E+0	10,100000E+0	9,661971E+0	30,000000E+0	3,461564E+0
96,800000E+0	10,100000E+0	9,606742E+0	30,000000E+0	3,775229E+0
96,900000E+0	10,100000E+0	9,569922E+0	30,000000E+0	4,044710E+0
97,000000E+0	10,100000E+0	9,533103E+0	30,000000E+0	4,325238E+0
97,100000E+0	10,100000E+0	9,477874E+0	30,000000E+0	4,677563E+0
97,200000E+0	10,100000E+0	9,441054E+0	30,000000E+0	4,985704E+0
97,300000E+0	10,100000E+0	9,367416E+0	30,000000E+0	5,426396E+0
97,400000E+0	10,100000E+0	9,293777E+0	30,000000E+0	5,889179E+0
97,500000E+0	10,100000E+0	9,293777E+0	30,000000E+0	6,131046E+0
97,600000E+0	10,100000E+0	9,238548E+0	30,000000E+0	6,555169E+0
97,700000E+0	10,100000E+0	9,183319E+0	30,000000E+0	6,995860E+0
97,800000E+0	10,100000E+0	9,146500E+0	30,000000E+0	7,392368E+0
97,900000E+0	10,100000E+0	9,072861E+0	30,000000E+0	7,921426E+0
98,000000E+0	10,100000E+0	9,054451E+0	30,000000E+0	8,290320E+0
98,100000E+0	10,100000E+0	9,054451E+0	30,000000E+0	8,603984E+0
98,200000E+0	10,100000E+0	8,980812E+0	30,000000E+0	9,160657E+0
98,300000E+0	10,100000E+0	8,907174E+0	30,000000E+0	9,739421E+0
98,400000E+0	10,100000E+0	8,925583E+0	30,000000E+0	10,036517E+0
98,500000E+0	10,100000E+0	8,870354E+0	30,000000E+0	10,571098E+0
98,600000E+0	10,100000E+0	8,870354E+0	30,000000E+0	10,939991E+0
98,700000E+0	10,100000E+0	8,796716E+0	30,000000E+0	11,551893E+0
98,800000E+0	10,100000E+0	8,796716E+0	30,000000E+0	11,942878E+0
98,900000E+0	10,100000E+0	8,741487E+0	30,000000E+0	12,516119E+0
99,000000E+0	10,100000E+0	8,594209E+0	30,000000E+0	13,409689E+0
99,100000E+0	10,100000E+0	8,649438E+0	30,000000E+0	13,679170E+0
99,200000E+0	10,100000E+0	8,594209E+0	30,000000E+0	14,296595E+0
99,300000E+0	10,100000E+0	8,520570E+0	30,000000E+0	14,991340E+0
99,400000E+0	10,100000E+0	8,520570E+0	30,000000E+0	15,465169E+0
99,500000E+0	10,100000E+0	8,594209E+0	30,000000E+0	15,695990E+0
99,600000E+0	10,100000E+0	8,575799E+0	30,000000E+0	16,208479E+0
99,700000E+0	10,100000E+0	8,520570E+0	30,000000E+0	16,847995E+0
99,800000E+0	10,100000E+0	8,502161E+0	30,000000E+0	17,382576E+0
99,900000E+0	10,100000E+0	8,557390E+0	30,000000E+0	17,679672E+0
100,000000E+0	10,100000E+0	8,538980E+0	30,000000E+0	18,203207E+0
100,100000E+0	10,100000E+0	8,520570E+0	30,000000E+0	18,732264E+0
100,200000E+0	10,100000E+0	8,520570E+0	30,000000E+0	19,206093E+0
100,300000E+0	10,100000E+0	8,465341E+0	30,000000E+0	19,862178E+0
100,400000E+0	10,100000E+0	8,428522E+0	30,000000E+0	19,862178E+0
100,500000E+0	10,100000E+0	8,410112E+0	30,000000E+0	20,474080E+0
100,600000E+0	10,100000E+0	8,446932E+0	30,000000E+0	21,036275E+0
100,700000E+0	10,100000E+0	8,428522E+0	30,000000E+0	21,421737E+0
100,800000E+0	10,100000E+0	8,446932E+0	30,000000E+0	21,978410E+0
100,900000E+0	10,100000E+0	8,483751E+0	30,000000E+0	22,419101E+0
101,000000E+0	10,100000E+0	8,465341E+0	30,000000E+0	22,793518E+0
101,100000E+0	10,100000E+0	8,483751E+0	30,000000E+0	23,339144E+0
101,200000E+0	10,100000E+0	8,538980E+0	30,000000E+0	23,768790E+0
101,300000E+0	10,100000E+0	8,502161E+0	30,000000E+0	24,071409E+0
101,400000E+0	10,100000E+0	8,465341E+0	30,000000E+0	24,661219E+0
101,500000E+0	10,100000E+0	8,410112E+0	30,000000E+0	25,262074E+0
101,600000E+0	10,100000E+0	8,483751E+0	30,000000E+0	25,934728E+0
101,700000E+0	10,100000E+0	8,446932E+0	30,000000E+0	26,198686E+0
101,800000E+0	10,100000E+0	8,446932E+0	30,000000E+0	26,805065E+0
101,900000E+0	10,100000E+0	8,354883E+0	30,000000E+0	27,300985E+0
102,000000E+0	10,100000E+0	8,410112E+0	30,000000E+0	28,100666E+0
102,100000E+0	10,100000E+0	8,557390E+0	30,000000E+0	28,441945E+0
102,200000E+0	10,100000E+0	8,465341E+0	30,000000E+0	28,462895E+0
102,300000E+0	10,100000E+0	8,575799E+0	30,000000E+0	29,229438E+0
102,400000E+0	10,100000E+0	8,667848E+0	30,000000E+0	29,355324E+0
102,500000E+0	10,100000E+0	8,686258E+0	30,000000E+0	29,508825E+0
102,600000E+0	10,100000E+0	8,612619E+0	30,000000E+0	29,877718E+0
102,700000E+0	10,100000E+0	8,704667E+0	30,000000E+0	30,544849E+0
102,800000E+0	10,100000E+0	8,759896E+0	30,000000E+0	30,687303E+0
102,900000E+0	10,100000E+0	8,704667E+0	30,000000E+0	30,923647E+0
103,000000E+0	10,100000E+0	8,759896E+0	30,000000E+0	31,507934E+0
103,100000E+0	10,100000E+0	8,796716E+0	30,000000E+0	31,744278E+0
103,200000E+0	10,100000E+0	8,925583E+0	30,000000E+0	31,990527E+0
103,300000E+0	10,100000E+0	9,017632E+0	30,000000E+0	32,039092E+0
103,400000E+0	10,100000E+0	9,036041E+0	30,000000E+0	32,303051E+0
103,500000E+0	10,100000E+0	9,054451E+0	30,000000E+0	32,303051E+0
103,600000E+0	10,100000E+0	9,164909E+0	30,000000E+0	32,561487E+0
103,700000E+0	10,100000E+0	9,312187E+0	30,000000E+0	32,305151E+0
103,800000E+0	10,100000E+0	9,422645E+0	30,000000E+0	32,176984E+0
103,900000E+0	10,100000E+0	9,422645E+0	30,000000E+0	32,380190E+0
104,000000E+0	10,100000E+0	9,477874E+0	30,000000E+0	32,401141E+0
104,100000E+0	10,100000E+0	9,606742E+0	30,000000E+0	32,162515E+0
104,200000E+0	10,100000E+0	9,735609E+0	30,000000E+0	31,885229E+0
104,300000E+0	10,100000E+0	9,882887E+0	30,000000E+0	31,508531E+0
104,400000E+0	10,100000E+0	9,882887E+0	30,000000E+0	31,573665E+0
104,500000E+0	10,100000E+0	9,974935E+0	30,000000E+0	31,335039E+0
104,600000E+0	10,100000E+0	10,048574E+0	30,000000E+0	31,129551E+0
104,700000E+0	10,100000E+0	10,195851E+0	30,000000E+0	30,658963E+0
104,800000E+0	10,100000E+0	10,195851E+0	30,000000E+0	30,630207E+0
104,900000E+0	10,100000E+0	10,232671E+0	30,000000E+0	30,479948E+0
105,000000E+0	10,100000E+0	10,361538E+0	30,000000E+0	30,014883E+0
105,100000E+0	10,100000E+0	10,527226E+0	30,000000E+0	29,389654E+0
105,200000E+0	10,100000E+0	10,508816E+0	30,000000E+0	29,322239E+0
105,300000E+0	10,100000E+0	10,600864E+0	30,000000E+0	28,895834E+0
105,400000E+0	10,100000E+0	10,692913E+0	30,000000E+0	28,441815E+0
105,500000E+0	10,100000E+0	10,858600E+0	30,000000E+0	27,717174E+0
105,600000E+0	10,100000E+0	10,913829E+0	30,000000E+0	27,307338E+0
105,700000E+0	10,100000E+0	10,950648E+0	30,000000E+0	26,941685E+0
105,800000E+0	10,100000E+0	10,969058E+0	30,000000E+0	26,625739E+0
105,900000E+0	10,100000E+0	11,005877E+0	30,000000E+0	26,243518E+0
106,000000E+0	10,100000E+0	11,097926E+0	30,000000E+0	25,667995E+0
106,100000E+0	10,100000E+0	11,318842E+0	30,000000E+0	24,639594E+0
106,200000E+0	10,100000E+0	11,392481E+0	30,000000E+0	24,030933E+0
106,300000E+0	10,100000E+0	11,466119E+0	30,000000E+0	23,400182E+0
106,400000E+0	10,100000E+0	11,558168E+0	30,000000E+0	22,686586E+0
106,500000E+0	10,100000E+0	11,576577E+0	30,000000E+0	22,188384E+0
106,600000E+0	10,100000E+0	11,558168E+0	30,000000E+0	21,806162E+0
106,700000E+0	10,100000E+0	11,594987E+0	30,000000E+0	21,247208E+0
106,800000E+0	10,100000E+0	11,687035E+0	30,000000E+0	20,494952E+0
106,900000E+0	10,100000E+0	11,797494E+0	30,000000E+0	19,654330E+0
107,000000E+0	10,100000E+0	11,797494E+0	30,000000E+0	19,145082E+0
107,100000E+0	10,100000E+0	11,852723E+0	30,000000E+0	18,453578E+0
107,200000E+0	10,100000E+0	11,907952E+0	30,000000E+0	17,745506E+0
107,300000E+0	10,100000E+0	12,000000E+0	30,000000E+0	16,899360E+0
107,400000E+0	10,100000E+0	12,000000E+0	30,000000E+0	16,329360E+0
107,500000E+0	10,100000E+0	12,018410E+0	30,000000E+0	15,698608E+0
107,600000E+0	10,100000E+0	12,073639E+0	30,000000E+0	14,940830E+0
107,700000E+0	10,100000E+0	12,165687E+0	30,000000E+0	14,044978E+0
107,800000E+0	10,100000E+0	12,220916E+0	30,000000E+0	13,243016E+0
107,900000E+0	10,100000E+0	12,276145E+0	30,000000E+0	12,424486E+0
108,000000E+0	10,100000E+0	12,349784E+0	30,000000E+0	11,528634E+0
108,100000E+0	10,100000E+0	12,368194E+0	30,000000E+0	10,792947E+0
108,200000E+0	10,100000E+0	12,386603E+0	30,000000E+0	10,051737E+0
108,300000E+0	10,100000E+0	12,441832E+0	30,000000E+0	9,183500E+0
108,400000E+0	10,100000E+0	12,460242E+0	30,000000E+0	8,420199E+0
108,500000E+0	10,100000E+0	12,478652E+0	30,000000E+0	7,651374E+0
108,600000E+0	10,100000E+0	12,497061E+0	30,000000E+0	6,877027E+0
108,700000E+0	10,100000E+0	12,478652E+0	30,000000E+0	6,218660E+0
108,800000E+0	10,100000E+0	12,589110E+0	30,000000E+0	5,140553E+0
108,900000E+0	10,100000E+0	12,607519E+0	30,000000E+0	4,333068E+0
109,000000E+0	10,100000E+0	12,589110E+0	30,000000E+0	3,641564E+0
109,100000E+0	10,100000E+0	12,570700E+0	30,000000E+0	2,955583E+0
109,200000E+0	10,100000E+0	12,681158E+0	30,000000E+0	1,849862E+0
109,300000E+0	10,100000E+0	12,644339E+0	30,000000E+0	1,197018E+0
109,400000E+0	10,100000E+0	12,607519E+0	30,000000E+0	555,220398E-3
109,500000E+0	10,100000E+0	12,662748E+0	30,000000E+0	-379,291271E-3
109,600000E+0	10,100000E+0	12,681158E+0	30,000000E+0	-1,208868E+0
109,700000E+0	10,100000E+0	12,681158E+0	30,000000E+0	-1,983215E+0
109,800000E+0	10,100000E+0	12,681158E+0	30,000000E+0	-2,757563E+0
109,900000E+0	10,100000E+0	12,681158E+0	30,000000E+0	-2,757563E+0
110,000000E+0	10,100000E+0	12,699568E+0	30,000000E+0	-3,531910E+0
110,100000E+0	10,100000E+0	12,662748E+0	30,000000E+0	-4,367010E+0
110,200000E+0	10,100000E+0	12,681158E+0	30,000000E+0	-5,025376E+0
110,300000E+0	10,100000E+0	12,662748E+0	30,000000E+0	-5,854952E+0
110,400000E+0	10,100000E+0	12,681158E+0	30,000000E+0	-6,568548E+0
110,500000E+0	10,100000E+0	12,662748E+0	30,000000E+0	-7,398124E+0
110,600000E+0	10,100000E+0	12,644339E+0	30,000000E+0	-8,111720E+0
110,700000E+0	10,100000E+0	12,607519E+0	30,000000E+0	-8,819793E+0
110,800000E+0	10,100000E+0	12,607519E+0	30,000000E+0	-9,461590E+0
110,900000E+0	10,100000E+0	12,589110E+0	30,000000E+0	-10,213846E+0
111,000000E+0	10,100000E+0	12,589110E+0	30,000000E+0	-10,905350E+0
111,100000E+0	10,100000E+0	12,570700E+0	30,000000E+0	-11,652083E+0
111,200000E+0	10,100000E+0	12,552290E+0	30,000000E+0	-12,338064E+0
111,300000E+0	10,100000E+0	12,533881E+0	30,000000E+0	-13,018522E+0
111,400000E+0	10,100000E+0	12,515471E+0	30,000000E+0	-13,693457E+0
111,500000E+0	10,100000E+0	12,497061E+0	30,000000E+0	-14,362869E+0
111,600000E+0	10,100000E+0	12,497061E+0	30,000000E+0	-15,026759E+0
111,700000E+0	10,100000E+0	12,460242E+0	30,000000E+0	-15,745877E+0
111,800000E+0	10,100000E+0	12,441832E+0	30,000000E+0	-16,343492E+0
111,900000E+0	10,100000E+0	12,405013E+0	30,000000E+0	-16,990812E+0
112,000000E+0	10,100000E+0	12,405013E+0	30,000000E+0	-17,571858E+0
112,100000E+0	10,100000E+0	12,386603E+0	30,000000E+0	-18,263362E+0
112,200000E+0	10,100000E+0	12,349784E+0	30,000000E+0	-18,894114E+0
112,300000E+0	10,100000E+0	12,312965E+0	30,000000E+0	-19,458591E+0
112,400000E+0	10,100000E+0	12,294555E+0	30,000000E+0	-20,012022E+0
112,500000E+0	10,100000E+0	12,294555E+0	30,000000E+0	-20,615160E+0
112,600000E+0	10,100000E+0	12,257736E+0	30,000000E+0	-21,273526E+0
112,700000E+0	10,100000E+0	12,202506E+0	30,000000E+0	-21,810389E+0
112,800000E+0	10,100000E+0	12,165687E+0	30,000000E+0	-22,275454E+0
112,900000E+0	10,100000E+0	12,147277E+0	30,000000E+0	-22,784702E+0
113,000000E+0	10,100000E+0	12,110458E+0	30,000000E+0	-23,343656E+0
113,100000E+0	10,100000E+0	12,055229E+0	30,000000E+0	-23,836335E+0
113,200000E+0	10,100000E+0	12,000000E+0	30,000000E+0	-24,257217E+0
113,300000E+0	10,100000E+0	11,963181E+0	30,000000E+0	-24,661530E+0
113,400000E+0	10,100000E+0	11,889542E+0	30,000000E+0	-25,110026E+0
113,500000E+0	10,100000E+0	11,852723E+0	30,000000E+0	-25,425972E+0
113,600000E+0	10,100000E+0	11,779084E+0	30,000000E+0	-25,841331E+0
113,700000E+0	10,100000E+0	11,705445E+0	30,000000E+0	-26,124140E+0
113,800000E+0	10,100000E+0	11,687035E+0	30,000000E+0	-26,384857E+0
113,900000E+0	10,100000E+0	11,594987E+0	30,000000E+0	-26,805739E+0
114,000000E+0	10,100000E+0	11,539758E+0	30,000000E+0	-26,978090E+0
114,100000E+0	10,100000E+0	11,484529E+0	30,000000E+0	-27,244330E+0
114,200000E+0	10,100000E+0	11,429300E+0	30,000000E+0	-27,494002E+0
114,300000E+0	10,100000E+0	11,392481E+0	30,000000E+0	-27,727105E+0
114,400000E+0	10,100000E+0	11,318842E+0	30,000000E+0	-28,004391E+0
114,500000E+0	10,100000E+0	11,263613E+0	30,000000E+0	-28,149127E+0
114,600000E+0	10,100000E+0	11,189974E+0	30,000000E+0	-28,332524E+0
114,700000E+0	10,100000E+0	11,134745E+0	30,000000E+0	-28,438600E+0
114,800000E+0	10,100000E+0	11,079516E+0	30,000000E+0	-28,583336E+0
114,900000E+0	10,100000E+0	11,024287E+0	30,000000E+0	-28,711504E+0
115,000000E+0	10,100000E+0	10,969058E+0	30,000000E+0	-28,823103E+0
115,100000E+0	10,100000E+0	10,932239E+0	30,000000E+0	-28,918133E+0
115,200000E+0	10,100000E+0	10,858600E+0	30,000000E+0	-29,057347E+0
115,300000E+0	10,100000E+0	10,821780E+0	30,000000E+0	-29,064010E+0
115,400000E+0	10,100000E+0	10,748142E+0	30,000000E+0	-29,170086E+0
115,500000E+0	10,100000E+0	10,674503E+0	30,000000E+0	-29,143613E+0
115,600000E+0	10,100000E+0	10,619274E+0	30,000000E+0	-29,095048E+0
115,700000E+0	10,100000E+0	10,564045E+0	30,000000E+0	-29,085143E+0
115,800000E+0	10,100000E+0	10,508816E+0	30,000000E+0	-29,058669E+0
115,900000E+0	10,100000E+0	10,435177E+0	30,000000E+0	-29,015627E+0
116,000000E+0	10,100000E+0	10,379948E+0	30,000000E+0	-28,895264E+0
116,100000E+0	10,100000E+0	10,343129E+0	30,000000E+0	-28,813561E+0
116,200000E+0	10,100000E+0	10,287900E+0	30,000000E+0	-28,776041E+0
116,300000E+0	10,100000E+0	10,232671E+0	30,000000E+0	-28,666724E+0
116,400000E+0	10,100000E+0	10,159032E+0	30,000000E+0	-28,540838E+0
116,500000E+0	10,100000E+0	10,103803E+0	30,000000E+0	-28,337632E+0
116,600000E+0	10,100000E+0	10,030164E+0	30,000000E+0	-28,173086E+0
116,700000E+0	10,100000E+0	9,974935E+0	30,000000E+0	-27,931219E+0
116,800000E+0	10,100000E+0	9,938116E+0	30,000000E+0	-27,728012E+0
116,900000E+0	10,100000E+0	9,864477E+0	30,000000E+0	-27,568989E+0
117,000000E+0	10,100000E+0	9,790838E+0	30,000000E+0	-27,277416E+0
117,100000E+0	10,100000E+0	9,754019E+0	30,000000E+0	-26,963751E+0
117,200000E+0	10,100000E+0	9,680380E+0	30,000000E+0	-26,749499E+0
117,300000E+0	10,100000E+0	9,625151E+0	30,000000E+0	-26,402697E+0
117,400000E+0	10,100000E+0	9,569922E+0	30,000000E+0	-26,094555E+0
117,500000E+0	10,100000E+0	9,514693E+0	30,000000E+0	-25,769844E+0
117,600000E+0	10,100000E+0	9,441054E+0	30,000000E+0	-25,428565E+0
117,700000E+0	10,100000E+0	9,385825E+0	30,000000E+0	-25,009965E+0
117,800000E+0	10,100000E+0	9,349006E+0	30,000000E+0	-24,630026E+0
117,900000E+0	10,100000E+0	9,293777E+0	30,000000E+0	-24,294270E+0
118,000000E+0	10,100000E+0	9,201729E+0	30,000000E+0	-23,886716E+0
118,100000E+0	10,100000E+0	9,164909E+0	30,000000E+0	-23,341089E+0
118,200000E+0	10,100000E+0	9,072861E+0	30,000000E+0	-22,950104E+0
118,300000E+0	10,100000E+0	9,054451E+0	30,000000E+0	-22,365817E+0
118,400000E+0	10,100000E+0	8,980812E+0	30,000000E+0	-21,996923E+0
118,500000E+0	10,100000E+0	8,907174E+0	30,000000E+0	-21,440251E+0
118,600000E+0	10,100000E+0	8,888764E+0	30,000000E+0	-20,861487E+0
118,700000E+0	10,100000E+0	8,796716E+0	30,000000E+0	-20,442887E+0
118,800000E+0	10,100000E+0	8,741487E+0	30,000000E+0	-19,775756E+0
118,900000E+0	10,100000E+0	8,686258E+0	30,000000E+0	-19,202515E+0
119,000000E+0	10,100000E+0	8,631029E+0	30,000000E+0	-18,612705E+0
119,100000E+0	10,100000E+0	8,594209E+0	30,000000E+0	-18,006327E+0
119,200000E+0	10,100000E+0	8,520570E+0	30,000000E+0	-17,444131E+0
119,300000E+0	10,100000E+0	8,465341E+0	30,000000E+0	-16,749386E+0
119,400000E+0	10,100000E+0	8,428522E+0	30,000000E+0	-16,093302E+0
119,500000E+0	10,100000E+0	8,354883E+0	30,000000E+0	-15,481400E+0
119,600000E+0	10,100000E+0	8,299654E+0	30,000000E+0	-14,736949E+0
119,700000E+0	10,100000E+0	8,226016E+0	30,000000E+0	-14,031158E+0
119,800000E+0	10,100000E+0	8,170787E+0	30,000000E+0	-13,248047E+0
119,900000E+0	10,100000E+0	8,133967E+0	30,000000E+0	-12,503596E+0
120,000000E+0	10,100000E+0	8,078738E+0	30,000000E+0	-11,803328E+0
120,100000E+0	10,100000E+0	8,023509E+0	30,000000E+0	-11,031262E+0
120,200000E+0	10,100000E+0	7,986690E+0	30,000000E+0	-10,242627E+0
120,300000E+0	10,100000E+0	7,931461E+0	30,000000E+0	-9,498176E+0
120,400000E+0	10,100000E+0	7,857822E+0	30,000000E+0	-8,681927E+0
120,500000E+0	10,100000E+0	7,839412E+0	30,000000E+0	-7,788358E+0
120,600000E+0	10,100000E+0	7,784183E+0	30,000000E+0	-7,054952E+0
120,700000E+0	10,100000E+0	7,747364E+0	30,000000E+0	-6,194520E+0
120,800000E+0	10,100000E+0	7,710545E+0	30,000000E+0	-5,378271E+0
120,900000E+0	10,100000E+0	7,673725E+0	30,000000E+0	-4,550977E+0
121,000000E+0	10,100000E+0	7,655315E+0	30,000000E+0	-3,712636E+0
121,100000E+0	10,100000E+0	7,618496E+0	30,000000E+0	-2,924002E+0
121,200000E+0	10,100000E+0	7,600086E+0	30,000000E+0	-2,069092E+0
121,300000E+0	10,100000E+0	7,600086E+0	30,000000E+0	-1,263889E+0
121,400000E+0	10,100000E+0	7,600086E+0	30,000000E+0	-513,915298E-3
121,500000E+0	10,100000E+0	7,581677E+0	30,000000E+0	236,058773E-3
121,600000E+0	10,100000E+0	7,581677E+0	30,000000E+0	1,046785E+0
121,700000E+0	10,100000E+0	7,563267E+0	30,000000E+0	1,802282E+0
121,800000E+0	10,100000E+0	7,581677E+0	30,000000E+0	2,618531E+0
121,900000E+0	10,100000E+0	7,581677E+0	30,000000E+0	3,318799E+0
122,000000E+0	10,100000E+0	7,581677E+0	30,000000E+0	4,074296E+0
122,100000E+0	10,100000E+0	7,563267E+0	30,000000E+0	4,829793E+0
122,200000E+0	10,100000E+0	7,581677E+0	30,000000E+0	5,646041E+0
122,300000E+0	10,100000E+0	7,563267E+0	30,000000E+0	6,346309E+0
122,400000E+0	10,100000E+0	7,600086E+0	30,000000E+0	7,162558E+0
122,500000E+0	10,100000E+0	7,618496E+0	30,000000E+0	7,802074E+0
122,600000E+0	10,100000E+0	7,581677E+0	30,000000E+0	8,491296E+0
122,700000E+0	10,100000E+0	7,655315E+0	30,000000E+0	9,357252E+0
122,800000E+0	10,100000E+0	7,655315E+0	30,000000E+0	9,869741E+0
122,900000E+0	10,100000E+0	7,655315E+0	30,000000E+0	10,603146E+0
123,000000E+0	10,100000E+0	7,692135E+0	30,000000E+0	11,336551E+0
123,100000E+0	10,100000E+0	7,710545E+0	30,000000E+0	11,948453E+0
123,200000E+0	10,100000E+0	7,728954E+0	30,000000E+0	12,610061E+0
123,300000E+0	10,100000E+0	7,747364E+0	30,000000E+0	13,266145E+0
123,400000E+0	10,100000E+0	7,765774E+0	30,000000E+0	13,916707E+0
123,500000E+0	10,100000E+0	7,765774E+0	30,000000E+0	14,561746E+0
123,600000E+0	10,100000E+0	7,765774E+0	30,000000E+0	15,262014E+0
123,700000E+0	10,100000E+0	7,784183E+0	30,000000E+0	15,962282E+0
123,800000E+0	10,100000E+0	7,839412E+0	30,000000E+0	16,601798E+0
123,900000E+0	10,100000E+0	7,857822E+0	30,000000E+0	17,114287E+0
124,000000E+0	10,100000E+0	7,876232E+0	30,000000E+0	17,731711E+0
124,100000E+0	10,100000E+0	7,876232E+0	30,000000E+0	18,343613E+0
124,200000E+0	10,100000E+0	7,857822E+0	30,000000E+0	19,010743E+0
124,300000E+0	10,100000E+0	7,931461E+0	30,000000E+0	19,738626E+0
124,400000E+0	10,100000E+0	7,931461E+0	30,000000E+0	20,168271E+0
124,500000E+0	10,100000E+0	8,005099E+0	30,000000E+0	20,818833E+0
124,600000E+0	10,100000E+0	8,060328E+0	30,000000E+0	21,226387E+0
124,700000E+0	10,100000E+0	8,152377E+0	30,000000E+0	21,672602E+0
124,800000E+0	10,100000E+0	8,207606E+0	30,000000E+0	21,980743E+0
124,900000E+0	10,100000E+0	8,299654E+0	30,000000E+0	22,382774E+0
125,000000E+0	10,100000E+0	8,318064E+0	30,000000E+0	22,646733E+0
125,100000E+0	10,100000E+0	8,318064E+0	30,000000E+0	23,126085E+0
125,200000E+0	10,100000E+0	8,410112E+0	30,000000E+0	23,660666E+0
125,300000E+0	10,100000E+0	8,410112E+0	30,000000E+0	23,891487E+0
125,400000E+0	10,100000E+0	8,446932E+0	30,000000E+0	24,398453E+0
125,500000E+0	10,100000E+0	8,538980E+0	30,000000E+0	24,783915E+0
125,600000E+0	10,100000E+0	8,594209E+0	30,000000E+0	24,976076E+0
125,700000E+0	10,100000E+0	8,667848E+0	30,000000E+0	25,262126E+0
125,800000E+0	10,100000E+0	8,741487E+0	30,000000E+0	25,470856E+0
