t [s] || setpoint level [cm] || tank level [cm] || initial flow u0 [ml.s^-1] || command PI (du) [ml.s^-1]
0,000000E+0	10,100000E+0	2,003544E+0	30,000000E+0	49,482214E+0
100,000000E-3	10,100000E+0	2,003544E+0	30,000000E+0	49,657009E+0
200,000000E-3	10,100000E+0	2,040363E+0	30,000000E+0	49,831804E+0
300,000000E-3	10,100000E+0	2,040363E+0	30,000000E+0	49,781574E+0
400,000000E-3	10,100000E+0	2,021953E+0	30,000000E+0	49,955573E+0
500,000000E-3	10,100000E+0	2,021953E+0	30,000000E+0	50,242086E+0
600,000000E-3	10,100000E+0	2,021953E+0	30,000000E+0	50,416483E+0
700,000000E-3	10,100000E+0	2,021953E+0	30,000000E+0	50,590881E+0
800,000000E-3	10,100000E+0	2,021953E+0	30,000000E+0	50,765278E+0
900,000000E-3	10,100000E+0	2,095592E+0	30,000000E+0	50,939675E+0
1,000000E+0	10,100000E+0	2,187640E+0	30,000000E+0	50,664023E+0
1,100000E+0	10,100000E+0	2,261279E+0	30,000000E+0	50,274269E+0
1,200000E+0	10,100000E+0	2,316508E+0	30,000000E+0	49,995039E+0
1,300000E+0	10,100000E+0	2,371737E+0	30,000000E+0	49,826733E+0
1,400000E+0	10,100000E+0	2,592653E+0	30,000000E+0	49,657234E+0
1,500000E+0	10,100000E+0	2,739931E+0	30,000000E+0	48,473931E+0
1,600000E+0	10,100000E+0	2,813570E+0	30,000000E+0	47,735908E+0
1,700000E+0	10,100000E+0	2,960847E+0	30,000000E+0	47,444755E+0
1,800000E+0	10,100000E+0	3,236992E+0	30,000000E+0	46,701963E+0
1,900000E+0	10,100000E+0	3,384270E+0	30,000000E+0	45,168405E+0
2,000000E+0	10,100000E+0	3,402679E+0	30,000000E+0	44,416471E+0
2,100000E+0	10,100000E+0	3,623596E+0	30,000000E+0	44,448945E+0
2,200000E+0	10,100000E+0	3,936560E+0	30,000000E+0	43,243385E+0
2,300000E+0	10,100000E+0	4,028608E+0	30,000000E+0	41,470494E+0
2,400000E+0	10,100000E+0	4,323163E+0	30,000000E+0	41,040995E+0
2,500000E+0	10,100000E+0	4,672947E+0	30,000000E+0	39,371872E+0
2,600000E+0	10,100000E+0	4,636128E+0	30,000000E+0	37,358853E+0
2,700000E+0	10,100000E+0	4,857044E+0	30,000000E+0	37,701042E+0
2,800000E+0	10,100000E+0	5,225238E+0	30,000000E+0	36,468853E+0
2,900000E+0	10,100000E+0	5,556612E+0	30,000000E+0	34,331796E+0
3,000000E+0	10,100000E+0	5,795938E+0	30,000000E+0	32,411814E+0
3,100000E+0	10,100000E+0	5,777528E+0	30,000000E+0	31,047240E+0
3,200000E+0	10,100000E+0	5,943215E+0	30,000000E+0	31,252673E+0
3,300000E+0	10,100000E+0	6,053673E+0	30,000000E+0	30,333380E+0
3,400000E+0	10,100000E+0	6,053673E+0	30,000000E+0	29,748046E+0
3,500000E+0	10,100000E+0	5,998444E+0	30,000000E+0	29,835403E+0
3,600000E+0	10,100000E+0	6,090493E+0	30,000000E+0	30,260296E+0
3,700000E+0	10,100000E+0	6,200951E+0	30,000000E+0	29,786283E+0
3,800000E+0	10,100000E+0	6,127312E+0	30,000000E+0	29,197770E+0
3,900000E+0	10,100000E+0	6,237770E+0	30,000000E+0	29,731996E+0
4,000000E+0	10,100000E+0	6,219360E+0	30,000000E+0	29,142689E+0
4,100000E+0	10,100000E+0	6,292999E+0	30,000000E+0	29,338583E+0
4,200000E+0	10,100000E+0	6,421867E+0	30,000000E+0	28,972313E+0
4,300000E+0	10,100000E+0	6,532325E+0	30,000000E+0	28,266915E+0
4,400000E+0	10,100000E+0	6,495506E+0	30,000000E+0	27,671248E+0
4,500000E+0	10,100000E+0	6,624373E+0	30,000000E+0	27,973296E+0
4,600000E+0	10,100000E+0	6,624373E+0	30,000000E+0	27,263527E+0
4,700000E+0	10,100000E+0	6,624373E+0	30,000000E+0	27,338562E+0
4,800000E+0	10,100000E+0	6,698012E+0	30,000000E+0	27,413598E+0
4,900000E+0	10,100000E+0	6,753241E+0	30,000000E+0	27,038583E+0
5,000000E+0	10,100000E+0	6,808470E+0	30,000000E+0	26,774492E+0
5,100000E+0	10,100000E+0	6,974157E+0	30,000000E+0	26,509208E+0
5,200000E+0	10,100000E+0	7,029386E+0	30,000000E+0	25,567657E+0
5,300000E+0	10,100000E+0	7,121435E+0	30,000000E+0	25,297604E+0
5,400000E+0	10,100000E+0	7,268712E+0	30,000000E+0	24,801334E+0
5,500000E+0	10,100000E+0	7,268712E+0	30,000000E+0	23,965539E+0
5,600000E+0	10,100000E+0	7,268712E+0	30,000000E+0	24,026664E+0
5,700000E+0	10,100000E+0	7,415990E+0	30,000000E+0	24,087789E+0
5,800000E+0	10,100000E+0	7,434399E+0	30,000000E+0	23,248814E+0
5,900000E+0	10,100000E+0	7,508038E+0	30,000000E+0	23,194247E+0
6,000000E+0	10,100000E+0	7,655315E+0	30,000000E+0	22,801745E+0
6,100000E+0	10,100000E+0	7,765774E+0	30,000000E+0	21,957604E+0
6,200000E+0	10,100000E+0	7,765774E+0	30,000000E+0	21,335308E+0
6,300000E+0	10,100000E+0	7,765774E+0	30,000000E+0	21,385702E+0
6,400000E+0	10,100000E+0	7,821003E+0	30,000000E+0	21,436096E+0
6,500000E+0	10,100000E+0	7,857822E+0	30,000000E+0	21,148952E+0
6,600000E+0	10,100000E+0	7,876232E+0	30,000000E+0	20,973129E+0
6,700000E+0	10,100000E+0	7,949870E+0	30,000000E+0	20,909023E+0
6,800000E+0	10,100000E+0	8,005099E+0	30,000000E+0	20,506982E+0
6,900000E+0	10,100000E+0	8,023509E+0	30,000000E+0	20,215864E+0
7,000000E+0	10,100000E+0	8,078738E+0	30,000000E+0	20,148579E+0
7,100000E+0	10,100000E+0	8,115557E+0	30,000000E+0	19,855871E+0
7,200000E+0	10,100000E+0	8,189196E+0	30,000000E+0	19,674483E+0
7,300000E+0	10,100000E+0	8,244425E+0	30,000000E+0	19,267276E+0
7,400000E+0	10,100000E+0	8,299654E+0	30,000000E+0	18,970991E+0
7,500000E+0	10,100000E+0	8,354883E+0	30,000000E+0	18,673514E+0
7,600000E+0	10,100000E+0	8,373293E+0	30,000000E+0	18,374845E+0
7,700000E+0	10,100000E+0	8,446932E+0	30,000000E+0	18,300008E+0
7,800000E+0	10,100000E+0	8,502161E+0	30,000000E+0	17,887236E+0
7,900000E+0	10,100000E+0	8,557390E+0	30,000000E+0	17,585387E+0
8,000000E+0	10,100000E+0	8,612619E+0	30,000000E+0	17,282346E+0
8,100000E+0	10,100000E+0	8,723077E+0	30,000000E+0	16,978112E+0
8,200000E+0	10,100000E+0	8,778306E+0	30,000000E+0	16,335149E+0
8,300000E+0	10,100000E+0	8,815125E+0	30,000000E+0	16,027338E+0
8,400000E+0	10,100000E+0	8,833535E+0	30,000000E+0	15,830847E+0
8,500000E+0	10,100000E+0	8,888764E+0	30,000000E+0	15,746074E+0
8,600000E+0	10,100000E+0	8,962403E+0	30,000000E+0	15,435879E+0
8,700000E+0	10,100000E+0	9,017632E+0	30,000000E+0	15,011979E+0
8,800000E+0	10,100000E+0	9,072861E+0	30,000000E+0	14,699001E+0
8,900000E+0	10,100000E+0	9,109680E+0	30,000000E+0	14,384831E+0
9,000000E+0	10,100000E+0	9,146500E+0	30,000000E+0	14,181981E+0
9,100000E+0	10,100000E+0	9,183319E+0	30,000000E+0	13,978336E+0
9,200000E+0	10,100000E+0	9,220138E+0	30,000000E+0	13,773897E+0
9,300000E+0	10,100000E+0	9,349006E+0	30,000000E+0	13,568662E+0
9,400000E+0	10,100000E+0	9,385825E+0	30,000000E+0	12,800071E+0
9,500000E+0	10,100000E+0	9,404235E+0	30,000000E+0	12,591259E+0
9,600000E+0	10,100000E+0	9,422645E+0	30,000000E+0	12,494165E+0
9,700000E+0	10,100000E+0	9,477874E+0	30,000000E+0	12,396674E+0
9,800000E+0	10,100000E+0	9,514693E+0	30,000000E+0	12,073760E+0
9,900000E+0	10,100000E+0	9,551513E+0	30,000000E+0	11,862166E+0
10,000000E+0	10,100000E+0	9,551513E+0	30,000000E+0	11,649778E+0
10,100000E+0	10,100000E+0	9,606742E+0	30,000000E+0	11,661619E+0
10,200000E+0	10,100000E+0	9,643561E+0	30,000000E+0	11,335923E+0
10,300000E+0	10,100000E+0	9,643561E+0	30,000000E+0	11,121547E+0
10,400000E+0	10,100000E+0	9,661971E+0	30,000000E+0	11,131402E+0
10,500000E+0	10,100000E+0	9,661971E+0	30,000000E+0	11,028743E+0
10,600000E+0	10,100000E+0	9,717200E+0	30,000000E+0	11,038200E+0
10,700000E+0	10,100000E+0	9,809248E+0	30,000000E+0	10,710119E+0
10,800000E+0	10,100000E+0	9,809248E+0	30,000000E+0	10,155822E+0
10,900000E+0	10,100000E+0	9,809248E+0	30,000000E+0	10,162099E+0
11,000000E+0	10,100000E+0	9,827658E+0	30,000000E+0	10,168376E+0
11,100000E+0	10,100000E+0	9,827658E+0	30,000000E+0	10,062140E+0
11,200000E+0	10,100000E+0	9,919706E+0	30,000000E+0	10,068020E+0
11,300000E+0	10,100000E+0	9,901296E+0	30,000000E+0	9,511338E+0
11,400000E+0	10,100000E+0	9,974935E+0	30,000000E+0	9,627742E+0
11,500000E+0	10,100000E+0	10,066984E+0	30,000000E+0	9,181983E+0
11,600000E+0	10,100000E+0	10,103803E+0	30,000000E+0	8,622121E+0
11,700000E+0	10,100000E+0	10,066984E+0	30,000000E+0	8,397809E+0
11,800000E+0	10,100000E+0	10,066984E+0	30,000000E+0	8,622751E+0
11,900000E+0	10,100000E+0	10,159032E+0	30,000000E+0	8,623464E+0
12,000000E+0	10,100000E+0	10,177442E+0	30,000000E+0	8,061615E+0
12,100000E+0	10,100000E+0	10,177442E+0	30,000000E+0	7,947828E+0
12,200000E+0	10,100000E+0	10,232671E+0	30,000000E+0	7,946156E+0
12,300000E+0	10,100000E+0	10,232671E+0	30,000000E+0	7,606947E+0
12,400000E+0	10,100000E+0	10,214261E+0	30,000000E+0	7,604083E+0
12,500000E+0	10,100000E+0	10,251080E+0	30,000000E+0	7,713731E+0
12,600000E+0	10,100000E+0	10,343129E+0	30,000000E+0	7,486239E+0
12,700000E+0	10,100000E+0	10,379948E+0	30,000000E+0	6,920416E+0
12,800000E+0	10,100000E+0	10,435177E+0	30,000000E+0	6,690142E+0
12,900000E+0	10,100000E+0	10,416768E+0	30,000000E+0	6,346561E+0
13,000000E+0	10,100000E+0	10,398358E+0	30,000000E+0	6,451837E+0
13,100000E+0	10,100000E+0	10,471997E+0	30,000000E+0	6,557511E+0
13,200000E+0	10,100000E+0	10,453587E+0	30,000000E+0	6,101020E+0
13,300000E+0	10,100000E+0	10,471997E+0	30,000000E+0	6,205501E+0
13,400000E+0	10,100000E+0	10,508816E+0	30,000000E+0	6,085355E+0
13,500000E+0	10,100000E+0	10,545635E+0	30,000000E+0	5,852300E+0
13,600000E+0	10,100000E+0	10,545635E+0	30,000000E+0	5,618449E+0
13,700000E+0	10,100000E+0	10,582455E+0	30,000000E+0	5,608828E+0
13,800000E+0	10,100000E+0	10,619274E+0	30,000000E+0	5,374182E+0
13,900000E+0	10,100000E+0	10,619274E+0	30,000000E+0	5,138742E+0
14,000000E+0	10,100000E+0	10,619274E+0	30,000000E+0	5,127531E+0
14,100000E+0	10,100000E+0	10,674503E+0	30,000000E+0	5,116321E+0
14,200000E+0	10,100000E+0	10,692913E+0	30,000000E+0	4,767573E+0
14,300000E+0	10,100000E+0	10,692913E+0	30,000000E+0	4,642657E+0
14,400000E+0	10,100000E+0	10,711322E+0	30,000000E+0	4,629857E+0
14,500000E+0	10,100000E+0	10,748142E+0	30,000000E+0	4,504544E+0
14,600000E+0	10,100000E+0	10,766551E+0	30,000000E+0	4,266321E+0
14,700000E+0	10,100000E+0	10,803371E+0	30,000000E+0	4,139816E+0
14,800000E+0	10,100000E+0	10,821780E+0	30,000000E+0	3,900401E+0
14,900000E+0	10,100000E+0	10,840190E+0	30,000000E+0	3,772704E+0
15,000000E+0	10,100000E+0	10,840190E+0	30,000000E+0	3,644609E+0
15,100000E+0	10,100000E+0	10,877010E+0	30,000000E+0	3,628629E+0
15,200000E+0	10,100000E+0	10,877010E+0	30,000000E+0	3,387624E+0
15,300000E+0	10,100000E+0	10,895419E+0	30,000000E+0	3,370849E+0
15,400000E+0	10,100000E+0	10,895419E+0	30,000000E+0	3,241562E+0
15,500000E+0	10,100000E+0	10,932239E+0	30,000000E+0	3,224389E+0
15,600000E+0	10,100000E+0	10,913829E+0	30,000000E+0	2,982192E+0
15,700000E+0	10,100000E+0	10,932239E+0	30,000000E+0	3,076737E+0
15,800000E+0	10,100000E+0	10,913829E+0	30,000000E+0	2,946655E+0
15,900000E+0	10,100000E+0	10,950648E+0	30,000000E+0	3,041200E+0
16,000000E+0	10,100000E+0	10,950648E+0	30,000000E+0	2,798606E+0
16,100000E+0	10,100000E+0	10,969058E+0	30,000000E+0	2,780241E+0
16,200000E+0	10,100000E+0	10,987468E+0	30,000000E+0	2,649364E+0
16,300000E+0	10,100000E+0	10,969058E+0	30,000000E+0	2,518089E+0
16,400000E+0	10,100000E+0	10,969058E+0	30,000000E+0	2,611442E+0
16,500000E+0	10,100000E+0	10,969058E+0	30,000000E+0	2,592680E+0
16,600000E+0	10,100000E+0	10,987468E+0	30,000000E+0	2,573918E+0
16,700000E+0	10,100000E+0	11,005877E+0	30,000000E+0	2,442644E+0
16,800000E+0	10,100000E+0	11,005877E+0	30,000000E+0	2,310972E+0
16,900000E+0	10,100000E+0	11,024287E+0	30,000000E+0	2,291414E+0
17,000000E+0	10,100000E+0	11,005877E+0	30,000000E+0	2,159345E+0
17,100000E+0	10,100000E+0	11,042697E+0	30,000000E+0	2,251903E+0
17,200000E+0	10,100000E+0	11,042697E+0	30,000000E+0	2,007321E+0
17,300000E+0	10,100000E+0	11,061106E+0	30,000000E+0	1,986969E+0
17,400000E+0	10,100000E+0	11,079516E+0	30,000000E+0	1,854105E+0
17,500000E+0	10,100000E+0	11,005877E+0	30,000000E+0	1,720843E+0
17,600000E+0	10,100000E+0	11,005877E+0	30,000000E+0	2,149746E+0
17,700000E+0	10,100000E+0	10,987468E+0	30,000000E+0	2,130189E+0
17,800000E+0	10,100000E+0	10,969058E+0	30,000000E+0	2,223144E+0
17,900000E+0	10,100000E+0	10,932239E+0	30,000000E+0	2,316497E+0
18,000000E+0	10,100000E+0	10,895419E+0	30,000000E+0	2,522760E+0
18,100000E+0	10,100000E+0	10,877010E+0	30,000000E+0	2,729817E+0
18,200000E+0	10,100000E+0	10,840190E+0	30,000000E+0	2,825157E+0
18,300000E+0	10,100000E+0	10,821780E+0	30,000000E+0	3,033407E+0
18,400000E+0	10,100000E+0	10,784961E+0	30,000000E+0	3,129940E+0
18,500000E+0	10,100000E+0	10,766551E+0	30,000000E+0	3,339382E+0
18,600000E+0	10,100000E+0	10,729732E+0	30,000000E+0	3,437107E+0
18,700000E+0	10,100000E+0	10,692913E+0	30,000000E+0	3,647741E+0
18,800000E+0	10,100000E+0	10,656093E+0	30,000000E+0	3,859171E+0
18,900000E+0	10,100000E+0	10,619274E+0	30,000000E+0	4,071395E+0
19,000000E+0	10,100000E+0	10,600864E+0	30,000000E+0	4,284414E+0
19,100000E+0	10,100000E+0	10,545635E+0	30,000000E+0	4,385716E+0
19,200000E+0	10,100000E+0	10,527226E+0	30,000000E+0	4,712440E+0
19,300000E+0	10,100000E+0	10,490406E+0	30,000000E+0	4,815332E+0
19,400000E+0	10,100000E+0	10,398358E+0	30,000000E+0	5,031133E+0
19,500000E+0	10,100000E+0	10,398358E+0	30,000000E+0	5,585267E+0
19,600000E+0	10,100000E+0	10,324719E+0	30,000000E+0	5,578825E+0
19,700000E+0	10,100000E+0	10,269490E+0	30,000000E+0	6,022434E+0
19,800000E+0	10,100000E+0	10,232671E+0	30,000000E+0	6,355119E+0
19,900000E+0	10,100000E+0	10,195851E+0	30,000000E+0	6,576485E+0
20,000000E+0	10,100000E+0	10,195851E+0	30,000000E+0	6,798646E+0
20,100000E+0	10,100000E+0	10,140622E+0	30,000000E+0	6,796576E+0
20,200000E+0	10,100000E+0	10,085393E+0	30,000000E+0	7,132044E+0
20,300000E+0	10,100000E+0	10,085393E+0	30,000000E+0	7,468704E+0
20,400000E+0	10,100000E+0	10,030164E+0	30,000000E+0	7,469020E+0
20,500000E+0	10,100000E+0	10,011755E+0	30,000000E+0	7,806872E+0
20,600000E+0	10,100000E+0	9,974935E+0	30,000000E+0	7,920892E+0
20,700000E+0	10,100000E+0	9,882887E+0	30,000000E+0	8,147822E+0
20,800000E+0	10,100000E+0	9,864477E+0	30,000000E+0	8,713084E+0
20,900000E+0	10,100000E+0	9,864477E+0	30,000000E+0	8,830284E+0
21,000000E+0	10,100000E+0	9,809248E+0	30,000000E+0	8,835369E+0
21,100000E+0	10,100000E+0	9,809248E+0	30,000000E+0	9,177991E+0
21,200000E+0	10,100000E+0	9,772429E+0	30,000000E+0	9,184268E+0
21,300000E+0	10,100000E+0	9,717200E+0	30,000000E+0	9,415570E+0
21,400000E+0	10,100000E+0	9,661971E+0	30,000000E+0	9,760179E+0
21,500000E+0	10,100000E+0	9,643561E+0	30,000000E+0	10,105980E+0
21,600000E+0	10,100000E+0	9,643561E+0	30,000000E+0	10,227949E+0
21,700000E+0	10,100000E+0	9,588332E+0	30,000000E+0	10,237803E+0
21,800000E+0	10,100000E+0	9,533103E+0	30,000000E+0	10,585195E+0
21,900000E+0	10,100000E+0	9,569922E+0	30,000000E+0	10,933778E+0
22,000000E+0	10,100000E+0	9,514693E+0	30,000000E+0	10,720992E+0
22,100000E+0	10,100000E+0	9,385825E+0	30,000000E+0	11,069973E+0
22,200000E+0	10,100000E+0	9,367416E+0	30,000000E+0	11,870196E+0
22,300000E+0	10,100000E+0	9,367416E+0	30,000000E+0	11,998127E+0
22,400000E+0	10,100000E+0	9,312187E+0	30,000000E+0	12,013943E+0
22,500000E+0	10,100000E+0	9,256958E+0	30,000000E+0	12,367296E+0
22,600000E+0	10,100000E+0	9,275367E+0	30,000000E+0	12,721841E+0
22,700000E+0	10,100000E+0	9,238548E+0	30,000000E+0	12,627529E+0
22,800000E+0	10,100000E+0	9,183319E+0	30,000000E+0	12,870357E+0
22,900000E+0	10,100000E+0	9,164909E+0	30,000000E+0	13,226492E+0
23,000000E+0	10,100000E+0	9,183319E+0	30,000000E+0	13,358795E+0
23,100000E+0	10,100000E+0	9,128090E+0	30,000000E+0	13,266470E+0
23,200000E+0	10,100000E+0	9,054451E+0	30,000000E+0	13,623798E+0
23,300000E+0	10,100000E+0	9,054451E+0	30,000000E+0	14,094830E+0
23,400000E+0	10,100000E+0	9,036041E+0	30,000000E+0	14,117402E+0
23,500000E+0	10,100000E+0	8,999222E+0	30,000000E+0	14,252487E+0
23,600000E+0	10,100000E+0	8,962403E+0	30,000000E+0	14,500482E+0
23,700000E+0	10,100000E+0	8,980812E+0	30,000000E+0	14,749271E+0
23,800000E+0	10,100000E+0	8,925583E+0	30,000000E+0	14,661319E+0
23,900000E+0	10,100000E+0	8,870354E+0	30,000000E+0	15,023018E+0
24,000000E+0	10,100000E+0	8,870354E+0	30,000000E+0	15,385910E+0
24,100000E+0	10,100000E+0	8,833535E+0	30,000000E+0	15,412457E+0
24,200000E+0	10,100000E+0	8,815125E+0	30,000000E+0	15,664028E+0
24,300000E+0	10,100000E+0	8,796716E+0	30,000000E+0	15,803882E+0
24,400000E+0	10,100000E+0	8,851945E+0	30,000000E+0	15,944134E+0
24,500000E+0	10,100000E+0	8,833535E+0	30,000000E+0	15,634734E+0
24,600000E+0	10,100000E+0	8,796716E+0	30,000000E+0	15,774190E+0
24,700000E+0	10,100000E+0	8,778306E+0	30,000000E+0	16,026557E+0
24,800000E+0	10,100000E+0	8,796716E+0	30,000000E+0	16,167206E+0
24,900000E+0	10,100000E+0	8,759896E+0	30,000000E+0	16,083228E+0
25,000000E+0	10,100000E+0	8,778306E+0	30,000000E+0	16,336389E+0
25,100000E+0	10,100000E+0	8,778306E+0	30,000000E+0	16,252808E+0
25,200000E+0	10,100000E+0	8,741487E+0	30,000000E+0	16,281342E+0
25,300000E+0	10,100000E+0	8,723077E+0	30,000000E+0	16,534901E+0
25,400000E+0	10,100000E+0	8,723077E+0	30,000000E+0	16,676743E+0
25,500000E+0	10,100000E+0	8,723077E+0	30,000000E+0	16,706469E+0
25,600000E+0	10,100000E+0	8,686258E+0	30,000000E+0	16,736196E+0
25,700000E+0	10,100000E+0	8,686258E+0	30,000000E+0	16,990947E+0
25,800000E+0	10,100000E+0	8,667848E+0	30,000000E+0	17,021468E+0
25,900000E+0	10,100000E+0	8,649438E+0	30,000000E+0	17,164502E+0
26,000000E+0	10,100000E+0	8,649438E+0	30,000000E+0	17,307933E+0
26,100000E+0	10,100000E+0	8,649438E+0	30,000000E+0	17,339249E+0
26,200000E+0	10,100000E+0	8,649438E+0	30,000000E+0	17,370566E+0
26,300000E+0	10,100000E+0	8,631029E+0	30,000000E+0	17,401882E+0
26,400000E+0	10,100000E+0	8,612619E+0	30,000000E+0	17,545711E+0
26,500000E+0	10,100000E+0	8,612619E+0	30,000000E+0	17,689937E+0
26,600000E+0	10,100000E+0	8,594209E+0	30,000000E+0	17,722048E+0
26,700000E+0	10,100000E+0	8,575799E+0	30,000000E+0	17,866671E+0
26,800000E+0	10,100000E+0	8,575799E+0	30,000000E+0	18,011692E+0
26,900000E+0	10,100000E+0	8,557390E+0	30,000000E+0	18,044598E+0
27,000000E+0	10,100000E+0	8,557390E+0	30,000000E+0	18,190017E+0
27,100000E+0	10,100000E+0	8,557390E+0	30,000000E+0	18,223320E+0
27,200000E+0	10,100000E+0	8,575799E+0	30,000000E+0	18,256624E+0
27,300000E+0	10,100000E+0	8,538980E+0	30,000000E+0	18,177415E+0
27,400000E+0	10,100000E+0	8,538980E+0	30,000000E+0	18,435346E+0
27,500000E+0	10,100000E+0	8,502161E+0	30,000000E+0	18,469047E+0
27,600000E+0	10,100000E+0	8,520570E+0	30,000000E+0	18,727772E+0
27,700000E+0	10,100000E+0	8,465341E+0	30,000000E+0	18,649756E+0
27,800000E+0	10,100000E+0	8,465341E+0	30,000000E+0	19,021391E+0
27,900000E+0	10,100000E+0	8,465341E+0	30,000000E+0	19,056682E+0
28,000000E+0	10,100000E+0	8,446932E+0	30,000000E+0	19,091973E+0
28,100000E+0	10,100000E+0	8,446932E+0	30,000000E+0	19,239776E+0
28,200000E+0	10,100000E+0	8,465341E+0	30,000000E+0	19,275464E+0
28,300000E+0	10,100000E+0	8,520570E+0	30,000000E+0	19,198640E+0
28,400000E+0	10,100000E+0	8,465341E+0	30,000000E+0	18,896394E+0
28,500000E+0	10,100000E+0	8,446932E+0	30,000000E+0	19,268029E+0
28,600000E+0	10,100000E+0	8,410112E+0	30,000000E+0	19,415832E+0
28,700000E+0	10,100000E+0	8,446932E+0	30,000000E+0	19,676545E+0
28,800000E+0	10,100000E+0	8,428522E+0	30,000000E+0	19,488003E+0
28,900000E+0	10,100000E+0	8,465341E+0	30,000000E+0	19,636204E+0
29,000000E+0	10,100000E+0	8,465341E+0	30,000000E+0	19,447265E+0
29,100000E+0	10,100000E+0	8,465341E+0	30,000000E+0	19,482556E+0
29,200000E+0	10,100000E+0	8,465341E+0	30,000000E+0	19,517846E+0
29,300000E+0	10,100000E+0	8,465341E+0	30,000000E+0	19,553137E+0
29,400000E+0	10,100000E+0	8,446932E+0	30,000000E+0	19,588428E+0
29,500000E+0	10,100000E+0	8,446932E+0	30,000000E+0	19,736231E+0
29,600000E+0	10,100000E+0	8,446932E+0	30,000000E+0	19,771919E+0
29,700000E+0	10,100000E+0	8,446932E+0	30,000000E+0	19,807607E+0
29,800000E+0	10,100000E+0	8,428522E+0	30,000000E+0	19,843295E+0
29,900000E+0	10,100000E+0	8,465341E+0	30,000000E+0	19,991496E+0
30,000000E+0	10,100000E+0	8,446932E+0	30,000000E+0	19,802557E+0
30,100000E+0	10,100000E+0	8,446932E+0	30,000000E+0	19,950360E+0
30,200000E+0	10,100000E+0	8,428522E+0	30,000000E+0	19,986048E+0
30,300000E+0	10,100000E+0	8,446932E+0	30,000000E+0	20,134249E+0
30,400000E+0	10,100000E+0	8,410112E+0	30,000000E+0	20,057822E+0
30,500000E+0	10,100000E+0	8,428522E+0	30,000000E+0	20,318535E+0
30,600000E+0	10,100000E+0	8,391703E+0	30,000000E+0	20,242506E+0
30,700000E+0	10,100000E+0	8,428522E+0	30,000000E+0	20,503616E+0
30,800000E+0	10,100000E+0	8,446932E+0	30,000000E+0	20,315472E+0
30,900000E+0	10,100000E+0	8,410112E+0	30,000000E+0	20,239045E+0
31,000000E+0	10,100000E+0	8,446932E+0	30,000000E+0	20,499758E+0
31,100000E+0	10,100000E+0	8,446932E+0	30,000000E+0	20,311216E+0
31,200000E+0	10,100000E+0	8,446932E+0	30,000000E+0	20,346904E+0
31,300000E+0	10,100000E+0	8,446932E+0	30,000000E+0	20,382593E+0
31,400000E+0	10,100000E+0	8,428522E+0	30,000000E+0	20,418281E+0
31,500000E+0	10,100000E+0	8,465341E+0	30,000000E+0	20,566481E+0
31,600000E+0	10,100000E+0	8,446932E+0	30,000000E+0	20,377542E+0
31,700000E+0	10,100000E+0	8,465341E+0	30,000000E+0	20,525345E+0
31,800000E+0	10,100000E+0	8,465341E+0	30,000000E+0	20,448521E+0
31,900000E+0	10,100000E+0	8,446932E+0	30,000000E+0	20,483812E+0
32,000000E+0	10,100000E+0	8,465341E+0	30,000000E+0	20,631615E+0
32,100000E+0	10,100000E+0	8,446932E+0	30,000000E+0	20,554791E+0
32,200000E+0	10,100000E+0	8,446932E+0	30,000000E+0	20,702594E+0
32,300000E+0	10,100000E+0	8,465341E+0	30,000000E+0	20,738282E+0
32,400000E+0	10,100000E+0	8,502161E+0	30,000000E+0	20,661458E+0
32,500000E+0	10,100000E+0	8,446932E+0	30,000000E+0	20,471724E+0
32,600000E+0	10,100000E+0	8,446932E+0	30,000000E+0	20,843757E+0
32,700000E+0	10,100000E+0	8,483751E+0	30,000000E+0	20,879445E+0
32,800000E+0	10,100000E+0	8,465341E+0	30,000000E+0	20,690108E+0
32,900000E+0	10,100000E+0	8,465341E+0	30,000000E+0	20,837514E+0
33,000000E+0	10,100000E+0	8,465341E+0	30,000000E+0	20,872805E+0
33,100000E+0	10,100000E+0	8,446932E+0	30,000000E+0	20,908095E+0
33,200000E+0	10,100000E+0	8,446932E+0	30,000000E+0	21,055898E+0
33,300000E+0	10,100000E+0	8,465341E+0	30,000000E+0	21,091587E+0
33,400000E+0	10,100000E+0	8,465341E+0	30,000000E+0	21,014762E+0
33,500000E+0	10,100000E+0	8,446932E+0	30,000000E+0	21,050053E+0
33,600000E+0	10,100000E+0	8,465341E+0	30,000000E+0	21,197856E+0
33,700000E+0	10,100000E+0	8,483751E+0	30,000000E+0	21,121032E+0
33,800000E+0	10,100000E+0	8,465341E+0	30,000000E+0	21,043810E+0
33,900000E+0	10,100000E+0	8,483751E+0	30,000000E+0	21,191216E+0
34,000000E+0	10,100000E+0	8,465341E+0	30,000000E+0	21,113994E+0
34,100000E+0	10,100000E+0	8,465341E+0	30,000000E+0	21,261400E+0
34,200000E+0	10,100000E+0	8,483751E+0	30,000000E+0	21,296691E+0
34,300000E+0	10,100000E+0	8,483751E+0	30,000000E+0	21,219469E+0
34,400000E+0	10,100000E+0	8,483751E+0	30,000000E+0	21,254362E+0
34,500000E+0	10,100000E+0	8,483751E+0	30,000000E+0	21,289256E+0
34,600000E+0	10,100000E+0	8,483751E+0	30,000000E+0	21,324149E+0
34,700000E+0	10,100000E+0	8,483751E+0	30,000000E+0	21,359042E+0
34,800000E+0	10,100000E+0	8,502161E+0	30,000000E+0	21,393935E+0
34,900000E+0	10,100000E+0	8,502161E+0	30,000000E+0	21,316316E+0
35,000000E+0	10,100000E+0	8,502161E+0	30,000000E+0	21,350812E+0
35,100000E+0	10,100000E+0	8,502161E+0	30,000000E+0	21,385308E+0
35,200000E+0	10,100000E+0	8,502161E+0	30,000000E+0	21,419804E+0
35,300000E+0	10,100000E+0	8,538980E+0	30,000000E+0	21,454300E+0
35,400000E+0	10,100000E+0	8,465341E+0	30,000000E+0	21,263771E+0
35,500000E+0	10,100000E+0	8,520570E+0	30,000000E+0	21,747521E+0
35,600000E+0	10,100000E+0	8,557390E+0	30,000000E+0	21,445275E+0
35,700000E+0	10,100000E+0	8,538980E+0	30,000000E+0	21,254348E+0
35,800000E+0	10,100000E+0	8,520570E+0	30,000000E+0	21,400164E+0
35,900000E+0	10,100000E+0	8,520570E+0	30,000000E+0	21,546378E+0
36,000000E+0	10,100000E+0	8,538980E+0	30,000000E+0	21,580476E+0
36,100000E+0	10,100000E+0	8,538980E+0	30,000000E+0	21,502062E+0
36,200000E+0	10,100000E+0	8,520570E+0	30,000000E+0	21,535763E+0
36,300000E+0	10,100000E+0	8,557390E+0	30,000000E+0	21,681976E+0
36,400000E+0	10,100000E+0	8,538980E+0	30,000000E+0	21,491050E+0
36,500000E+0	10,100000E+0	8,520570E+0	30,000000E+0	21,636866E+0
36,600000E+0	10,100000E+0	8,538980E+0	30,000000E+0	21,783079E+0
36,700000E+0	10,100000E+0	8,538980E+0	30,000000E+0	21,704665E+0
36,800000E+0	10,100000E+0	8,520570E+0	30,000000E+0	21,738366E+0
36,900000E+0	10,100000E+0	8,557390E+0	30,000000E+0	21,884579E+0
37,000000E+0	10,100000E+0	8,538980E+0	30,000000E+0	21,693653E+0
37,100000E+0	10,100000E+0	8,520570E+0	30,000000E+0	21,839469E+0
37,200000E+0	10,100000E+0	8,557390E+0	30,000000E+0	21,985682E+0
37,300000E+0	10,100000E+0	8,538980E+0	30,000000E+0	21,794756E+0
37,400000E+0	10,100000E+0	8,575799E+0	30,000000E+0	21,940572E+0
37,500000E+0	10,100000E+0	8,557390E+0	30,000000E+0	21,749248E+0
37,600000E+0	10,100000E+0	8,557390E+0	30,000000E+0	21,894666E+0
37,700000E+0	10,100000E+0	8,557390E+0	30,000000E+0	21,927970E+0
37,800000E+0	10,100000E+0	8,557390E+0	30,000000E+0	21,961273E+0
37,900000E+0	10,100000E+0	8,557390E+0	30,000000E+0	21,994577E+0
38,000000E+0	10,100000E+0	8,575799E+0	30,000000E+0	22,027880E+0
38,100000E+0	10,100000E+0	8,557390E+0	30,000000E+0	21,948671E+0
38,200000E+0	10,100000E+0	8,612619E+0	30,000000E+0	22,094090E+0
38,300000E+0	10,100000E+0	8,594209E+0	30,000000E+0	21,789856E+0
38,400000E+0	10,100000E+0	8,594209E+0	30,000000E+0	21,934479E+0
38,500000E+0	10,100000E+0	8,649438E+0	30,000000E+0	21,966988E+0
38,600000E+0	10,100000E+0	8,612619E+0	30,000000E+0	21,661959E+0
38,700000E+0	10,100000E+0	8,686258E+0	30,000000E+0	21,918301E+0
38,800000E+0	10,100000E+0	8,704667E+0	30,000000E+0	21,500362E+0
38,900000E+0	10,100000E+0	8,723077E+0	30,000000E+0	21,418371E+0
39,000000E+0	10,100000E+0	8,741487E+0	30,000000E+0	21,335983E+0
39,100000E+0	10,100000E+0	8,778306E+0	30,000000E+0	21,253197E+0
39,200000E+0	10,100000E+0	8,833535E+0	30,000000E+0	21,057501E+0
39,300000E+0	10,100000E+0	8,870354E+0	30,000000E+0	20,748498E+0
39,400000E+0	10,100000E+0	8,870354E+0	30,000000E+0	20,550815E+0
39,500000E+0	10,100000E+0	8,925583E+0	30,000000E+0	20,577362E+0
39,600000E+0	10,100000E+0	8,999222E+0	30,000000E+0	20,266371E+0
39,700000E+0	10,100000E+0	9,072861E+0	30,000000E+0	19,841676E+0
39,800000E+0	10,100000E+0	9,146500E+0	30,000000E+0	19,415391E+0
39,900000E+0	10,100000E+0	9,201729E+0	30,000000E+0	18,987517E+0
40,000000E+0	10,100000E+0	9,275367E+0	30,000000E+0	18,670565E+0
40,100000E+0	10,100000E+0	9,349006E+0	30,000000E+0	18,239908E+0
40,200000E+0	10,100000E+0	9,367416E+0	30,000000E+0	17,807661E+0
40,300000E+0	10,100000E+0	9,422645E+0	30,000000E+0	17,711362E+0
40,400000E+0	10,100000E+0	9,477874E+0	30,000000E+0	17,389641E+0
40,500000E+0	10,100000E+0	9,588332E+0	30,000000E+0	17,066727E+0
40,600000E+0	10,100000E+0	9,606742E+0	30,000000E+0	16,405084E+0
40,700000E+0	10,100000E+0	9,661971E+0	30,000000E+0	16,303618E+0
40,800000E+0	10,100000E+0	9,717200E+0	30,000000E+0	15,976730E+0
40,900000E+0	10,100000E+0	9,754019E+0	30,000000E+0	15,648649E+0
41,000000E+0	10,100000E+0	9,790838E+0	30,000000E+0	15,431888E+0
41,100000E+0	10,100000E+0	9,827658E+0	30,000000E+0	15,214333E+0
41,200000E+0	10,100000E+0	9,882887E+0	30,000000E+0	14,995983E+0
41,300000E+0	10,100000E+0	9,938116E+0	30,000000E+0	14,664325E+0
41,400000E+0	10,100000E+0	9,974935E+0	30,000000E+0	14,331475E+0
41,500000E+0	10,100000E+0	10,030164E+0	30,000000E+0	14,109945E+0
41,600000E+0	10,100000E+0	10,066984E+0	30,000000E+0	13,775108E+0
41,700000E+0	10,100000E+0	10,140622E+0	30,000000E+0	13,551591E+0
41,800000E+0	10,100000E+0	10,214261E+0	30,000000E+0	13,102254E+0
41,900000E+0	10,100000E+0	10,287900E+0	30,000000E+0	12,651328E+0
42,000000E+0	10,100000E+0	10,398358E+0	30,000000E+0	12,198811E+0
42,100000E+0	10,100000E+0	10,471997E+0	30,000000E+0	11,519680E+0
42,200000E+0	10,100000E+0	10,453587E+0	30,000000E+0	11,063189E+0
42,300000E+0	10,100000E+0	10,471997E+0	30,000000E+0	11,167671E+0
42,400000E+0	10,100000E+0	10,471997E+0	30,000000E+0	11,047525E+0
42,500000E+0	10,100000E+0	10,490406E+0	30,000000E+0	11,039494E+0
42,600000E+0	10,100000E+0	10,527226E+0	30,000000E+0	10,918950E+0
42,700000E+0	10,100000E+0	10,508816E+0	30,000000E+0	10,685497E+0
42,800000E+0	10,100000E+0	10,527226E+0	30,000000E+0	10,788786E+0
42,900000E+0	10,100000E+0	10,582455E+0	30,000000E+0	10,667448E+0
43,000000E+0	10,100000E+0	10,582455E+0	30,000000E+0	10,320687E+0
43,100000E+0	10,100000E+0	10,637684E+0	30,000000E+0	10,310271E+0
43,200000E+0	10,100000E+0	10,619274E+0	30,000000E+0	9,962318E+0
43,300000E+0	10,100000E+0	10,619274E+0	30,000000E+0	10,063223E+0
43,400000E+0	10,100000E+0	10,729732E+0	30,000000E+0	10,052012E+0
43,500000E+0	10,100000E+0	10,748142E+0	30,000000E+0	9,365727E+0
43,600000E+0	10,100000E+0	10,729732E+0	30,000000E+0	9,239619E+0
43,700000E+0	10,100000E+0	10,748142E+0	30,000000E+0	9,338139E+0
43,800000E+0	10,100000E+0	10,821780E+0	30,000000E+0	9,212031E+0
43,900000E+0	10,100000E+0	10,803371E+0	30,000000E+0	8,747989E+0
44,000000E+0	10,100000E+0	10,784961E+0	30,000000E+0	8,844919E+0
44,100000E+0	10,100000E+0	10,840190E+0	30,000000E+0	8,942246E+0
44,200000E+0	10,100000E+0	10,913829E+0	30,000000E+0	8,589921E+0
44,300000E+0	10,100000E+0	10,932239E+0	30,000000E+0	8,123892E+0
44,400000E+0	10,100000E+0	10,913829E+0	30,000000E+0	7,993809E+0
44,500000E+0	10,100000E+0	11,042697E+0	30,000000E+0	8,088355E+0
44,600000E+0	10,100000E+0	11,097926E+0	30,000000E+0	7,283198E+0
44,700000E+0	10,100000E+0	11,116335E+0	30,000000E+0	6,925309E+0
44,800000E+0	10,100000E+0	11,079516E+0	30,000000E+0	6,791252E+0
44,900000E+0	10,100000E+0	11,134745E+0	30,000000E+0	6,994335E+0
45,000000E+0	10,100000E+0	11,116335E+0	30,000000E+0	6,635651E+0
45,100000E+0	10,100000E+0	11,097926E+0	30,000000E+0	6,725824E+0
45,200000E+0	10,100000E+0	11,134745E+0	30,000000E+0	6,816395E+0
45,300000E+0	10,100000E+0	11,134745E+0	30,000000E+0	6,569826E+0
45,400000E+0	10,100000E+0	11,153155E+0	30,000000E+0	6,547487E+0
45,500000E+0	10,100000E+0	11,171564E+0	30,000000E+0	6,412635E+0
45,600000E+0	10,100000E+0	11,208384E+0	30,000000E+0	6,277386E+0
45,700000E+0	10,100000E+0	11,245203E+0	30,000000E+0	6,029228E+0
45,800000E+0	10,100000E+0	11,245203E+0	30,000000E+0	5,780274E+0
45,900000E+0	10,100000E+0	11,282022E+0	30,000000E+0	5,755550E+0
46,000000E+0	10,100000E+0	11,355661E+0	30,000000E+0	5,505801E+0
46,100000E+0	10,100000E+0	11,410890E+0	30,000000E+0	5,030233E+0
46,200000E+0	10,100000E+0	11,410890E+0	30,000000E+0	4,665587E+0
46,300000E+0	10,100000E+0	11,429300E+0	30,000000E+0	4,637286E+0
46,400000E+0	10,100000E+0	11,466119E+0	30,000000E+0	4,496473E+0
46,500000E+0	10,100000E+0	11,466119E+0	30,000000E+0	4,242750E+0
46,600000E+0	10,100000E+0	11,521348E+0	30,000000E+0	4,213257E+0
46,700000E+0	10,100000E+0	11,539758E+0	30,000000E+0	3,846226E+0
46,800000E+0	10,100000E+0	11,539758E+0	30,000000E+0	3,703028E+0
46,900000E+0	10,100000E+0	11,539758E+0	30,000000E+0	3,671945E+0
47,000000E+0	10,100000E+0	11,521348E+0	30,000000E+0	3,640862E+0
47,100000E+0	10,100000E+0	11,558168E+0	30,000000E+0	3,722292E+0
47,200000E+0	10,100000E+0	11,539758E+0	30,000000E+0	3,466581E+0
47,300000E+0	10,100000E+0	11,576577E+0	30,000000E+0	3,547613E+0
47,400000E+0	10,100000E+0	11,594987E+0	30,000000E+0	3,291505E+0
47,500000E+0	10,100000E+0	11,576577E+0	30,000000E+0	3,147115E+0
47,600000E+0	10,100000E+0	11,594987E+0	30,000000E+0	3,227352E+0
47,700000E+0	10,100000E+0	11,594987E+0	30,000000E+0	3,082962E+0
47,800000E+0	10,100000E+0	11,576577E+0	30,000000E+0	3,050687E+0
47,900000E+0	10,100000E+0	11,594987E+0	30,000000E+0	3,130924E+0
48,000000E+0	10,100000E+0	11,594987E+0	30,000000E+0	2,986533E+0
48,100000E+0	10,100000E+0	11,594987E+0	30,000000E+0	2,954258E+0
48,200000E+0	10,100000E+0	11,594987E+0	30,000000E+0	2,921983E+0
48,300000E+0	10,100000E+0	11,594987E+0	30,000000E+0	2,889707E+0
48,400000E+0	10,100000E+0	11,613397E+0	30,000000E+0	2,857432E+0
48,500000E+0	10,100000E+0	11,613397E+0	30,000000E+0	2,712644E+0
48,600000E+0	10,100000E+0	11,631806E+0	30,000000E+0	2,679971E+0
48,700000E+0	10,100000E+0	11,631806E+0	30,000000E+0	2,534786E+0
48,800000E+0	10,100000E+0	11,668626E+0	30,000000E+0	2,501716E+0
48,900000E+0	10,100000E+0	11,650216E+0	30,000000E+0	2,243621E+0
49,000000E+0	10,100000E+0	11,650216E+0	30,000000E+0	2,322268E+0
49,100000E+0	10,100000E+0	11,668626E+0	30,000000E+0	2,288800E+0
49,200000E+0	10,100000E+0	11,650216E+0	30,000000E+0	2,142820E+0
49,300000E+0	10,100000E+0	11,687035E+0	30,000000E+0	2,221468E+0
49,400000E+0	10,100000E+0	11,687035E+0	30,000000E+0	1,962975E+0
49,500000E+0	10,100000E+0	11,687035E+0	30,000000E+0	1,928713E+0
49,600000E+0	10,100000E+0	11,687035E+0	30,000000E+0	1,894450E+0
49,700000E+0	10,100000E+0	11,705445E+0	30,000000E+0	1,860187E+0
49,800000E+0	10,100000E+0	11,723855E+0	30,000000E+0	1,713412E+0
49,900000E+0	10,100000E+0	11,705445E+0	30,000000E+0	1,566240E+0
50,000000E+0	10,100000E+0	11,723855E+0	30,000000E+0	1,643695E+0
50,100000E+0	10,100000E+0	11,723855E+0	30,000000E+0	1,496522E+0
50,200000E+0	10,100000E+0	11,742264E+0	30,000000E+0	1,461465E+0
50,300000E+0	10,100000E+0	11,723855E+0	30,000000E+0	1,313895E+0
50,400000E+0	10,100000E+0	11,723855E+0	30,000000E+0	1,390953E+0
50,500000E+0	10,100000E+0	11,742264E+0	30,000000E+0	1,355895E+0
50,600000E+0	10,100000E+0	11,723855E+0	30,000000E+0	1,208325E+0
50,700000E+0	10,100000E+0	11,723855E+0	30,000000E+0	1,285383E+0
50,800000E+0	10,100000E+0	11,723855E+0	30,000000E+0	1,250325E+0
50,900000E+0	10,100000E+0	11,723855E+0	30,000000E+0	1,215268E+0
51,000000E+0	10,100000E+0	11,742264E+0	30,000000E+0	1,180210E+0
51,100000E+0	10,100000E+0	11,742264E+0	30,000000E+0	1,032640E+0
51,200000E+0	10,100000E+0	11,760674E+0	30,000000E+0	997,185377E-3
51,300000E+0	10,100000E+0	11,723855E+0	30,000000E+0	849,218047E-3
51,400000E+0	10,100000E+0	11,742264E+0	30,000000E+0	1,038390E+0
51,500000E+0	10,100000E+0	11,742264E+0	30,000000E+0	890,820587E-3
51,600000E+0	10,100000E+0	11,742264E+0	30,000000E+0	855,365657E-3
51,700000E+0	10,100000E+0	11,742264E+0	30,000000E+0	819,910728E-3
51,800000E+0	10,100000E+0	11,779084E+0	30,000000E+0	784,455798E-3
51,900000E+0	10,100000E+0	11,779084E+0	30,000000E+0	523,976068E-3
52,000000E+0	10,100000E+0	11,779084E+0	30,000000E+0	487,726243E-3
52,100000E+0	10,100000E+0	11,779084E+0	30,000000E+0	451,476418E-3
52,200000E+0	10,100000E+0	11,779084E+0	30,000000E+0	415,226593E-3
52,300000E+0	10,100000E+0	11,779084E+0	30,000000E+0	378,976768E-3
52,400000E+0	10,100000E+0	11,779084E+0	30,000000E+0	342,726943E-3
52,500000E+0	10,100000E+0	11,779084E+0	30,000000E+0	306,477118E-3
52,600000E+0	10,100000E+0	11,760674E+0	30,000000E+0	270,227293E-3
52,700000E+0	10,100000E+0	11,760674E+0	30,000000E+0	346,489868E-3
52,800000E+0	10,100000E+0	11,779084E+0	30,000000E+0	310,637491E-3
52,900000E+0	10,100000E+0	11,779084E+0	30,000000E+0	162,272714E-3
53,000000E+0	10,100000E+0	11,779084E+0	30,000000E+0	126,022889E-3
53,100000E+0	10,100000E+0	11,797494E+0	30,000000E+0	89,773064E-3
53,200000E+0	10,100000E+0	11,797494E+0	30,000000E+0	-58,989161E-3
53,300000E+0	10,100000E+0	11,779084E+0	30,000000E+0	-95,636434E-3
53,400000E+0	10,100000E+0	11,779084E+0	30,000000E+0	-19,771306E-3
53,500000E+0	10,100000E+0	11,779084E+0	30,000000E+0	-56,021131E-3
53,600000E+0	10,100000E+0	11,779084E+0	30,000000E+0	-92,270956E-3
53,700000E+0	10,100000E+0	11,760674E+0	30,000000E+0	-128,520781E-3
53,800000E+0	10,100000E+0	11,760674E+0	30,000000E+0	-52,258206E-3
53,900000E+0	10,100000E+0	11,760674E+0	30,000000E+0	-88,110583E-3
54,000000E+0	10,100000E+0	11,760674E+0	30,000000E+0	-123,962961E-3
54,100000E+0	10,100000E+0	11,760674E+0	30,000000E+0	-159,815338E-3
54,200000E+0	10,100000E+0	11,779084E+0	30,000000E+0	-195,667715E-3
54,300000E+0	10,100000E+0	11,760674E+0	30,000000E+0	-344,032493E-3
54,400000E+0	10,100000E+0	11,742264E+0	30,000000E+0	-267,769918E-3
54,500000E+0	10,100000E+0	11,742264E+0	30,000000E+0	-191,109895E-3
54,600000E+0	10,100000E+0	11,760674E+0	30,000000E+0	-226,564825E-3
54,700000E+0	10,100000E+0	11,760674E+0	30,000000E+0	-374,532155E-3
54,800000E+0	10,100000E+0	11,760674E+0	30,000000E+0	-410,384532E-3
54,900000E+0	10,100000E+0	11,760674E+0	30,000000E+0	-446,236910E-3
55,000000E+0	10,100000E+0	11,760674E+0	30,000000E+0	-482,089287E-3
55,100000E+0	10,100000E+0	11,742264E+0	30,000000E+0	-517,941665E-3
55,200000E+0	10,100000E+0	11,742264E+0	30,000000E+0	-441,281642E-3
55,300000E+0	10,100000E+0	11,760674E+0	30,000000E+0	-476,736572E-3
55,400000E+0	10,100000E+0	11,742264E+0	30,000000E+0	-624,703902E-3
55,500000E+0	10,100000E+0	11,742264E+0	30,000000E+0	-548,043879E-3
55,600000E+0	10,100000E+0	11,742264E+0	30,000000E+0	-583,498809E-3
55,700000E+0	10,100000E+0	11,742264E+0	30,000000E+0	-618,953739E-3
55,800000E+0	10,100000E+0	11,723855E+0	30,000000E+0	-654,408669E-3
55,900000E+0	10,100000E+0	11,742264E+0	30,000000E+0	-577,351199E-3
56,000000E+0	10,100000E+0	11,723855E+0	30,000000E+0	-724,921081E-3
56,100000E+0	10,100000E+0	11,723855E+0	30,000000E+0	-647,863611E-3
56,200000E+0	10,100000E+0	11,723855E+0	30,000000E+0	-682,921094E-3
56,300000E+0	10,100000E+0	11,723855E+0	30,000000E+0	-717,978576E-3
56,400000E+0	10,100000E+0	11,723855E+0	30,000000E+0	-753,036059E-3
56,500000E+0	10,100000E+0	11,705445E+0	30,000000E+0	-788,093541E-3
56,600000E+0	10,100000E+0	11,723855E+0	30,000000E+0	-710,638623E-3
