t [s] || setpoint speed [rot. s^-1] || setpoint pos [°] || duty cycle [%] || Ang Speed [rot. s^-1] ||
Ang Pos [°]
0,000000E+0	0,000000E+0	0,000000E+0	100,000000E-3	2,695083E-3	-0,000000E+0
100,000000E-3	0,000000E+0	0,000000E+0	100,000000E-3	7,768424E-3	-0,000000E+0
200,000000E-3	0,000000E+0	0,000000E+0	100,000000E-3	12,841764E-3	-0,000000E+0
300,000000E-3	0,000000E+0	0,000000E+0	100,000000E-3	9,036759E-3	-0,000000E+0
400,000000E-3	0,000000E+0	0,000000E+0	100,000000E-3	9,036759E-3	-0,000000E+0
500,000000E-3	0,000000E+0	0,000000E+0	100,000000E-3	-6,183263E-3	-0,000000E+0
600,000000E-3	0,000000E+0	0,000000E+0	100,000000E-3	-4,914927E-3	-0,000000E+0
700,000000E-3	0,000000E+0	0,000000E+0	100,000000E-3	12,841764E-3	-0,000000E+0
800,000000E-3	0,000000E+0	0,000000E+0	100,000000E-3	-6,183263E-3	-0,000000E+0
900,000000E-3	0,000000E+0	0,000000E+0	100,000000E-3	1,426748E-3	-0,000000E+0
1,000000E+0	0,000000E+0	0,000000E+0	100,000000E-3	6,500088E-3	-0,000000E+0
1,100000E+0	0,000000E+0	0,000000E+0	100,000000E-3	15,378434E-3	-0,000000E+0
1,200000E+0	0,000000E+0	0,000000E+0	100,000000E-3	3,963418E-3	-0,000000E+0
1,300000E+0	0,000000E+0	0,000000E+0	100,000000E-3	-4,914927E-3	-0,000000E+0
1,400000E+0	0,000000E+0	0,000000E+0	100,000000E-3	1,426748E-3	-0,000000E+0
1,500000E+0	0,000000E+0	0,000000E+0	100,000000E-3	2,695083E-3	-0,000000E+0
1,600000E+0	0,000000E+0	0,000000E+0	100,000000E-3	2,695083E-3	-0,000000E+0
1,700000E+0	0,000000E+0	0,000000E+0	100,000000E-3	-2,378257E-3	-0,000000E+0
1,800000E+0	0,000000E+0	0,000000E+0	100,000000E-3	7,768424E-3	-0,000000E+0
1,900000E+0	0,000000E+0	0,000000E+0	100,000000E-3	9,036759E-3	-0,000000E+0
2,000000E+0	0,000000E+0	0,000000E+0	152,798065E-3	45,818477E-3	-0,000000E+0
2,100000E+0	0,000000E+0	0,000000E+0	100,000000E-3	-2,378257E-3	-0,000000E+0
2,200000E+0	0,000000E+0	0,000000E+0	100,000000E-3	12,841764E-3	-0,000000E+0
2,300000E+0	0,000000E+0	0,000000E+0	100,000000E-3	16,646769E-3	-0,000000E+0
2,400000E+0	0,000000E+0	0,000000E+0	100,000000E-3	-7,451598E-3	-0,000000E+0
2,500000E+0	0,000000E+0	0,000000E+0	100,000000E-3	10,305094E-3	-0,000000E+0
2,600000E+0	0,000000E+0	0,000000E+0	100,000000E-3	-6,183263E-3	-0,000000E+0
2,700000E+0	0,000000E+0	0,000000E+0	100,000000E-3	6,500088E-3	-0,000000E+0
2,800000E+0	0,000000E+0	0,000000E+0	100,000000E-3	-2,378257E-3	-0,000000E+0
2,900000E+0	0,000000E+0	0,000000E+0	100,000000E-3	-4,914927E-3	-0,000000E+0
3,000000E+0	0,000000E+0	0,000000E+0	100,000000E-3	-4,914927E-3	-0,000000E+0
3,100000E+0	0,000000E+0	0,000000E+0	100,000000E-3	9,036759E-3	-0,000000E+0
3,200000E+0	0,000000E+0	0,000000E+0	100,000000E-3	6,500088E-3	-0,000000E+0
3,300000E+0	0,000000E+0	0,000000E+0	100,000000E-3	11,573429E-3	-0,000000E+0
3,400000E+0	0,000000E+0	0,000000E+0	100,000000E-3	12,841764E-3	-0,000000E+0
3,500000E+0	0,000000E+0	0,000000E+0	100,000000E-3	3,963418E-3	-0,000000E+0
3,600000E+0	0,000000E+0	0,000000E+0	100,000000E-3	-3,646592E-3	-0,000000E+0
3,700000E+0	0,000000E+0	0,000000E+0	100,000000E-3	158,412962E-6	-0,000000E+0
3,800000E+0	0,000000E+0	0,000000E+0	106,254020E-3	16,646769E-3	-0,000000E+0
3,900000E+0	0,000000E+0	0,000000E+0	100,000000E-3	1,426748E-3	-0,000000E+0
4,000000E+0	0,000000E+0	0,000000E+0	107,575321E-3	15,378434E-3	-0,000000E+0
4,100000E+0	10,000000E+0	0,000000E+0	2,406590E+0	-3,646592E-3	-0,000000E+0
4,200000E+0	10,000000E+0	0,000000E+0	4,812260E+0	22,988445E-3	14,062500E-3
4,300000E+0	10,000000E+0	0,000000E+0	7,305679E+0	11,573429E-3	42,187500E-3
4,400000E+0	10,000000E+0	0,000000E+0	9,735888E+0	26,793450E-3	42,187500E-3
4,500000E+0	10,000000E+0	0,000000E+0	12,080584E+0	74,990184E-3	98,437500E-3
4,600000E+0	10,000000E+0	0,000000E+0	14,306466E+0	166,310309E-3	281,250000E-3
4,700000E+0	10,000000E+0	0,000000E+0	16,336847E+0	327,388861E-3	660,937500E-3
4,800000E+0	10,000000E+0	0,000000E+0	18,157637E+0	556,957497E-3	1,293750E+0
4,900000E+0	10,000000E+0	0,000000E+0	20,088353E+0	719,304374E-3	2,264063E+0
5,000000E+0	10,000000E+0	0,000000E+0	21,538754E+0	1,059218E+0	3,585937E+0
5,100000E+0	10,000000E+0	0,000000E+0	23,288774E+0	1,244395E+0	5,273437E+0
5,200000E+0	10,000000E+0	0,000000E+0	25,134534E+0	1,372497E+0	7,284375E+0
5,300000E+0	10,000000E+0	0,000000E+0	27,080703E+0	1,447329E+0	9,520313E+0
5,400000E+0	10,000000E+0	0,000000E+0	28,024217E+0	1,919149E+0	12,121875E+0
5,500000E+0	10,000000E+0	0,000000E+0	29,137284E+0	2,275551E+0	15,215625E+0
5,600000E+0	10,000000E+0	0,000000E+0	30,677957E+0	2,423946E+0	18,745313E+0
5,700000E+0	10,000000E+0	0,000000E+0	31,458775E+0	2,864059E+0	22,696875E+0
5,800000E+0	10,000000E+0	0,000000E+0	32,492445E+0	3,158312E+0	26,943750E+0
5,900000E+0	10,000000E+0	0,000000E+0	33,525730E+0	3,423394E+0	31,668750E+0
6,000000E+0	10,000000E+0	0,000000E+0	34,295428E+0	3,768381E+0	36,829687E+0
6,100000E+0	10,000000E+0	0,000000E+0	35,376068E+0	3,953558E+0	42,300000E+0
6,200000E+0	10,000000E+0	0,000000E+0	36,948630E+0	3,921850E+0	48,248438E+0
6,300000E+0	10,000000E+0	0,000000E+0	37,032339E+0	4,493869E+0	54,548437E+0
6,400000E+0	10,000000E+0	0,000000E+0	37,556409E+0	4,831246E+0	61,256250E+0
6,500000E+0	10,000000E+0	0,000000E+0	38,254953E+0	5,064619E+0	68,329688E+0
6,600000E+0	10,000000E+0	0,000000E+0	38,952432E+0	5,275163E+0	75,782813E+0
6,700000E+0	10,000000E+0	0,000000E+0	39,805415E+0	5,401996E+0	83,460937E+0
6,800000E+0	10,000000E+0	0,000000E+0	41,133292E+0	5,324628E+0	91,504688E+0
6,900000E+0	10,000000E+0	0,000000E+0	40,716331E+0	5,958796E+0	99,843750E+0
7,000000E+0	10,000000E+0	0,000000E+0	41,189733E+0	6,170607E+0	108,604687E+0
7,100000E+0	10,000000E+0	0,000000E+0	42,994294E+0	5,824352E+0	117,520313E+0
7,200000E+0	10,000000E+0	0,000000E+0	42,831178E+0	6,306319E+0	126,801563E+0
7,300000E+0	10,000000E+0	0,000000E+0	43,269022E+0	6,497838E+0	136,462500E+0
7,400000E+0	10,000000E+0	0,000000E+0	45,228554E+0	6,056457E+0	146,165625E+0
7,500000E+0	10,000000E+0	0,000000E+0	43,983046E+0	6,951902E+0	156,304687E+0
7,600000E+0	10,000000E+0	0,000000E+0	43,896641E+0	7,290547E+0	166,739063E+0
7,700000E+0	10,000000E+0	0,000000E+0	45,773505E+0	6,803507E+0	177,314063E+0
7,800000E+0	10,000000E+0	0,000000E+0	44,525786E+0	7,625388E+0	188,100000E+0
7,900000E+0	10,000000E+0	0,000000E+0	45,801107E+0	7,347623E+0	199,265625E+0
8,000000E+0	10,000000E+0	0,000000E+0	45,349662E+0	7,794077E+0	210,431250E+0
8,100000E+0	10,000000E+0	0,000000E+0	45,319293E+0	8,026182E+0	221,864063E+0
8,200000E+0	10,000000E+0	0,000000E+0	45,495698E+0	8,151747E+0	233,395313E+0
8,300000E+0	10,000000E+0	0,000000E+0	47,474208E+0	7,537873E+0	245,109375E+0
8,400000E+0	10,000000E+0	0,000000E+0	47,474208E+0	8,049012E+0	256,992187E+0
8,500000E+0	10,000000E+0	0,000000E+0	48,269036E+0	7,657096E+0	269,071875E+0
8,600000E+0	10,000000E+0	0,000000E+0	48,269036E+0	8,471368E+0	281,292188E+0
8,700000E+0	10,000000E+0	0,000000E+0	46,468059E+0	8,769427E+0	293,653125E+0
8,800000E+0	10,000000E+0	0,000000E+0	46,882160E+0	8,725035E+0	306,098437E+0
8,900000E+0	10,000000E+0	0,000000E+0	47,448722E+0	8,623568E+0	318,670313E+0
9,000000E+0	10,000000E+0	0,000000E+0	49,587354E+0	7,898080E+0	331,354688E+0
9,100000E+0	10,000000E+0	0,000000E+0	46,905793E+0	9,189246E+0	344,151563E+0
9,200000E+0	10,000000E+0	0,000000E+0	48,093426E+0	8,790988E+0	357,131250E+0
9,300000E+0	10,000000E+0	0,000000E+0	48,656271E+0	8,684448E+0	370,153125E+0
9,400000E+0	10,000000E+0	0,000000E+0	48,261271E+0	8,974897E+0	383,287500E+0
9,500000E+0	10,000000E+0	0,000000E+0	48,300741E+0	9,061144E+0	396,520312E+0
9,600000E+0	10,000000E+0	0,000000E+0	48,595599E+0	9,035777E+0	409,809375E+0
9,700000E+0	10,000000E+0	0,000000E+0	48,154669E+0	9,309738E+0	423,281250E+0
9,800000E+0	10,000000E+0	0,000000E+0	50,831231E+0	8,298874E+0	436,598437E+0
9,900000E+0	10,000000E+0	0,000000E+0	48,091517E+0	9,573552E+0	450,140625E+0
10,000000E+0	10,000000E+0	0,000000E+0	48,259770E+0	9,548185E+0	463,753125E+0
10,100000E+0	10,000000E+0	0,000000E+0	50,940303E+0	8,511955E+0	477,435938E+0
10,200000E+0	10,000000E+0	0,000000E+0	48,308301E+0	9,721947E+0	491,160937E+0
10,300000E+0	10,000000E+0	0,000000E+0	48,983854E+0	9,477158E+0	504,970313E+0
10,400000E+0	10,000000E+0	0,000000E+0	50,015453E+0	9,113146E+0	518,821875E+0
10,500000E+0	10,000000E+0	0,000000E+0	52,445024E+0	8,221506E+0	532,729688E+0
10,600000E+0	10,000000E+0	0,000000E+0	52,445024E+0	8,995191E+0	546,848438E+0
10,700000E+0	10,000000E+0	0,000000E+0	50,966428E+0	9,603992E+0	560,868750E+0
10,800000E+0	10,000000E+0	0,000000E+0	49,058074E+0	9,904588E+0	575,114063E+0
10,900000E+0	10,000000E+0	0,000000E+0	48,732631E+0	10,045373E+0	589,331250E+0
11,000000E+0	10,000000E+0	0,000000E+0	48,661678E+0	10,069471E+0	603,548437E+0
11,100000E+0	10,000000E+0	0,000000E+0	48,355237E+0	10,186158E+0	617,751562E+0
11,200000E+0	10,000000E+0	0,000000E+0	48,529342E+0	10,097375E+0	631,940625E+0
11,300000E+0	10,000000E+0	0,000000E+0	49,146722E+0	9,838634E+0	646,101562E+0
11,400000E+0	10,000000E+0	0,000000E+0	49,950659E+0	9,530428E+0	660,234375E+0
11,500000E+0	10,000000E+0	0,000000E+0	51,069714E+0	9,125829E+0	674,395313E+0
11,600000E+0	10,000000E+0	0,000000E+0	51,150499E+0	9,180368E+0	688,598438E+0
11,700000E+0	10,000000E+0	0,000000E+0	50,362557E+0	9,579893E+0	702,871875E+0
11,800000E+0	10,000000E+0	0,000000E+0	50,362595E+0	9,621749E+0	717,201563E+0
11,900000E+0	10,000000E+0	0,000000E+0	50,339714E+0	9,668677E+0	731,573438E+0
12,000000E+0	10,000000E+0	0,000000E+0	50,371268E+0	9,688970E+0	745,987500E+0
12,100000E+0	10,000000E+0	0,000000E+0	50,504715E+0	9,666140E+0	760,429687E+0
12,200000E+0	10,000000E+0	0,000000E+0	50,706689E+0	9,617944E+0	774,871875E+0
12,300000E+0	10,000000E+0	0,000000E+0	51,219280E+0	9,449255E+0	789,370313E+0
12,400000E+0	10,000000E+0	0,000000E+0	51,792417E+0	9,272956E+0	803,882812E+0
12,500000E+0	10,000000E+0	0,000000E+0	50,726909E+0	9,775217E+0	818,592188E+0
12,600000E+0	10,000000E+0	0,000000E+0	50,137866E+0	10,035226E+0	833,118750E+0
12,700000E+0	10,000000E+0	0,000000E+0	49,660660E+0	10,224208E+0	847,771875E+0
12,800000E+0	10,000000E+0	0,000000E+0	49,010989E+0	10,463924E+0	862,410938E+0
12,900000E+0	10,000000E+0	0,000000E+0	48,912084E+0	10,457582E+0	877,007812E+0
13,000000E+0	10,000000E+0	0,000000E+0	49,232939E+0	10,282552E+0	891,548437E+0
13,100000E+0	10,000000E+0	0,000000E+0	49,216579E+0	10,260990E+0	906,046875E+0
13,200000E+0	10,000000E+0	0,000000E+0	49,268433E+0	10,214062E+0	920,517187E+0
13,300000E+0	10,000000E+0	0,000000E+0	49,319305E+0	10,172207E+0	934,987500E+0
13,400000E+0	10,000000E+0	0,000000E+0	49,396240E+0	10,124010E+0	949,415625E+0
13,500000E+0	10,000000E+0	0,000000E+0	49,393898E+0	10,112595E+0	963,815625E+0
13,600000E+0	10,000000E+0	0,000000E+0	49,441542E+0	10,082155E+0	978,215625E+0
13,700000E+0	10,000000E+0	0,000000E+0	49,411810E+0	10,085960E+0	992,601562E+0
13,800000E+0	10,000000E+0	0,000000E+0	49,267943E+0	10,135425E+0	1,006959E+3
13,900000E+0	10,000000E+0	0,000000E+0	49,262781E+0	10,124010E+0	1,021345E+3
14,000000E+0	10,000000E+0	0,000000E+0	49,093791E+0	10,179817E+0	1,035689E+3
14,100000E+0	10,000000E+0	0,000000E+0	49,143691E+0	10,141766E+0	1,050033E+3
14,200000E+0	10,000000E+0	0,000000E+0	49,070932E+0	10,156987E+0	1,064362E+3
14,300000E+0	10,000000E+0	0,000000E+0	49,073020E+0	10,140498E+0	1,078678E+3
14,400000E+0	10,000000E+0	0,000000E+0	48,764751E+0	10,250843E+0	1,092980E+3
14,500000E+0	10,000000E+0	0,000000E+0	48,674473E+0	10,262258E+0	1,107281E+3
14,600000E+0	10,000000E+0	0,000000E+0	48,829776E+0	10,173475E+0	1,121555E+3
14,700000E+0	10,000000E+0	0,000000E+0	49,334024E+0	9,952784E+0	1,135786E+3
14,800000E+0	10,000000E+0	0,000000E+0	49,597234E+0	9,851317E+0	1,150045E+3
14,900000E+0	10,000000E+0	0,000000E+0	49,828918E+0	9,772681E+0	1,164361E+3
15,000000E+0	10,000000E+0	0,000000E+0	50,592553E+0	9,487305E+0	1,178522E+3
15,100000E+0	10,000000E+0	0,000000E+0	51,027372E+0	9,363008E+0	1,192838E+3
15,200000E+0	10,000000E+0	0,000000E+0	51,382851E+0	9,283103E+0	1,207181E+3
15,300000E+0	10,000000E+0	0,000000E+0	51,236118E+0	9,413741E+0	1,221609E+3
15,400000E+0	10,000000E+0	0,000000E+0	50,899892E+0	9,607797E+0	1,236094E+3
15,500000E+0	10,000000E+0	0,000000E+0	50,204432E+0	9,927418E+0	1,250761E+3
15,600000E+0	10,000000E+0	0,000000E+0	50,062006E+0	9,992103E+0	1,265231E+3
15,700000E+0	10,000000E+0	0,000000E+0	49,642620E+0	10,162060E+0	1,279744E+3
15,800000E+0	10,000000E+0	0,000000E+0	49,278715E+0	10,292699E+0	1,294242E+3
15,900000E+0	10,000000E+0	0,000000E+0	49,014592E+0	10,370067E+0	1,308783E+3
16,000000E+0	10,000000E+0	0,000000E+0	48,778518E+0	10,428411E+0	1,323309E+3
16,100000E+0	10,000000E+0	0,000000E+0	48,848747E+0	10,357384E+0	1,337794E+3
16,200000E+0	10,000000E+0	0,000000E+0	48,964825E+0	10,274942E+0	1,352222E+3
16,300000E+0	10,000000E+0	0,000000E+0	48,874882E+0	10,283820E+0	1,366622E+3
16,400000E+0	10,000000E+0	0,000000E+0	48,807900E+0	10,282552E+0	1,380994E+3
16,500000E+0	10,000000E+0	0,000000E+0	48,728654E+0	10,286357E+0	1,395338E+3
16,600000E+0	10,000000E+0	0,000000E+0	48,620170E+0	10,301577E+0	1,409695E+3
16,700000E+0	10,000000E+0	0,000000E+0	48,787768E+0	10,203915E+0	1,423969E+3
16,800000E+0	10,000000E+0	0,000000E+0	49,297071E+0	9,978151E+0	1,438200E+3
16,900000E+0	10,000000E+0	0,000000E+0	49,692364E+0	9,820877E+0	1,452431E+3
17,000000E+0	10,000000E+0	0,000000E+0	50,123371E+0	9,664872E+0	1,466691E+3
17,100000E+0	10,000000E+0	0,000000E+0	50,479729E+0	9,554527E+0	1,480950E+3
17,200000E+0	10,000000E+0	0,000000E+0	50,935670E+0	9,415010E+0	1,495266E+3
17,300000E+0	10,000000E+0	0,000000E+0	51,347476E+0	9,307201E+0	1,509609E+3
17,400000E+0	10,000000E+0	0,000000E+0	51,226232E+0	9,425156E+0	1,524023E+3
17,500000E+0	10,000000E+0	0,000000E+0	50,906051E+0	9,611602E+0	1,538494E+3
17,600000E+0	10,000000E+0	0,000000E+0	50,906051E+0	9,823414E+0	1,553020E+3
17,700000E+0	10,000000E+0	0,000000E+0	50,476917E+0	10,058056E+0	1,567702E+3
17,800000E+0	10,000000E+0	0,000000E+0	49,625798E+0	10,178548E+0	1,582144E+3
17,900000E+0	10,000000E+0	0,000000E+0	49,106891E+0	10,370067E+0	1,596698E+3
18,000000E+0	10,000000E+0	0,000000E+0	48,889683E+0	10,420801E+0	1,611239E+3
18,100000E+0	10,000000E+0	0,000000E+0	48,798289E+0	10,415727E+0	1,625709E+3
18,200000E+0	10,000000E+0	0,000000E+0	48,855931E+0	10,351042E+0	1,640152E+3
18,300000E+0	10,000000E+0	0,000000E+0	48,854092E+0	10,316797E+0	1,654566E+3
18,400000E+0	10,000000E+0	0,000000E+0	48,841848E+0	10,290162E+0	1,668923E+3
18,500000E+0	10,000000E+0	0,000000E+0	48,700980E+0	10,318065E+0	1,683267E+3
18,600000E+0	10,000000E+0	0,000000E+0	48,880226E+0	10,214062E+0	1,697569E+3
18,700000E+0	10,000000E+0	0,000000E+0	49,261250E+0	10,039031E+0	1,711856E+3
18,800000E+0	10,000000E+0	0,000000E+0	49,537738E+0	9,923613E+0	1,726116E+3
18,900000E+0	10,000000E+0	0,000000E+0	49,877331E+0	9,794242E+0	1,740389E+3
19,000000E+0	10,000000E+0	0,000000E+0	50,280332E+0	9,652189E+0	1,754648E+3
19,100000E+0	10,000000E+0	0,000000E+0	50,454310E+0	9,616675E+0	1,768978E+3
19,200000E+0	10,000000E+0	0,000000E+0	50,630774E+0	9,583698E+0	1,783322E+3
19,300000E+0	10,000000E+0	0,000000E+0	50,859406E+0	9,532965E+0	1,797708E+3
19,400000E+0	10,000000E+0	0,000000E+0	50,805008E+0	9,601455E+0	1,812122E+3
19,500000E+0	10,000000E+0	0,000000E+0	50,548174E+0	9,744777E+0	1,826578E+3
19,600000E+0	10,000000E+0	0,000000E+0	50,337680E+0	9,855122E+0	1,841077E+3
19,700000E+0	10,000000E+0	0,000000E+0	50,203683E+0	9,923613E+0	1,855617E+3
19,800000E+0	10,000000E+0	0,000000E+0	49,637716E+0	10,159523E+0	1,870158E+3
19,900000E+0	10,000000E+0	0,000000E+0	49,170675E+0	10,332017E+0	1,884698E+3
20,000000E+0	10,000000E+0	0,000000E+0	48,978589E+0	10,376409E+0	1,899211E+3
20,100000E+0	10,000000E+0	0,000000E+0	48,737804E+0	10,436021E+0	1,913709E+3
20,200000E+0	10,000000E+0	0,000000E+0	48,809298E+0	10,363725E+0	1,928152E+3
20,300000E+0	10,000000E+0	0,000000E+0	48,804325E+0	10,329480E+0	1,942566E+3
20,400000E+0	10,000000E+0	0,000000E+0	48,760648E+0	10,314260E+0	1,956909E+3
20,500000E+0	10,000000E+0	0,000000E+0	48,761609E+0	10,282552E+0	1,971239E+3
20,600000E+0	10,000000E+0	0,000000E+0	48,999938E+0	10,158255E+0	1,985541E+3
20,700000E+0	10,000000E+0	0,000000E+0	49,448204E+0	9,961663E+0	1,999772E+3
20,800000E+0	10,000000E+0	0,000000E+0	49,768963E+0	9,836097E+0	2,014031E+3
20,900000E+0	10,000000E+0	0,000000E+0	50,268529E+0	9,650920E+0	2,028277E+3
21,000000E+0	10,000000E+0	0,000000E+0	50,640911E+0	9,535502E+0	2,042550E+3
21,100000E+0	10,000000E+0	0,000000E+0	50,975781E+0	9,446718E+0	2,056852E+3
21,200000E+0	10,000000E+0	0,000000E+0	51,257124E+0	9,388375E+0	2,071223E+3
21,300000E+0	10,000000E+0	0,000000E+0	51,219586E+0	9,464475E+0	2,085652E+3
21,400000E+0	10,000000E+0	0,000000E+0	50,880257E+0	9,654725E+0	2,100122E+3
21,500000E+0	10,000000E+0	0,000000E+0	50,465623E+0	9,856391E+0	2,114662E+3
21,600000E+0	10,000000E+0	0,000000E+0	50,236984E+0	9,962931E+0	2,129217E+3
21,700000E+0	10,000000E+0	0,000000E+0	49,522952E+0	10,254648E+0	2,143786E+3
21,800000E+0	10,000000E+0	0,000000E+0	49,177046E+0	10,368799E+0	2,158355E+3
21,900000E+0	10,000000E+0	0,000000E+0	48,909842E+0	10,439826E+0	2,172881E+3
22,000000E+0	10,000000E+0	0,000000E+0	48,911221E+0	10,395434E+0	2,187380E+3
22,100000E+0	10,000000E+0	0,000000E+0	49,269442E+0	10,211525E+0	2,201948E+3
22,200000E+0	10,000000E+0	0,000000E+0	49,103983E+0	10,257185E+0	2,216250E+3
22,300000E+0	10,000000E+0	0,000000E+0	49,008994E+0	10,269868E+0	2,230650E+3
22,400000E+0	10,000000E+0	0,000000E+0	48,976903E+0	10,255917E+0	2,245008E+3
22,500000E+0	10,000000E+0	0,000000E+0	48,850785E+0	10,281284E+0	2,259352E+3
22,600000E+0	10,000000E+0	0,000000E+0	48,784429E+0	10,280015E+0	2,273653E+3
22,700000E+0	10,000000E+0	0,000000E+0	49,029674E+0	10,153182E+0	2,287941E+3
22,800000E+0	10,000000E+0	0,000000E+0	49,406875E+0	9,985761E+0	2,302200E+3
22,900000E+0	10,000000E+0	0,000000E+0	49,771988E+0	9,839902E+0	2,316445E+3
23,000000E+0	10,000000E+0	0,000000E+0	50,198295E+0	9,683897E+0	2,330733E+3
23,100000E+0	10,000000E+0	0,000000E+0	50,496499E+0	9,595114E+0	2,344992E+3
23,200000E+0	10,000000E+0	0,000000E+0	50,731744E+0	9,540575E+0	2,359336E+3
23,300000E+0	10,000000E+0	0,000000E+0	51,043350E+0	9,460670E+0	2,373680E+3
23,400000E+0	10,000000E+0	0,000000E+0	50,978516E+0	9,540575E+0	2,388094E+3
23,500000E+0	10,000000E+0	0,000000E+0	50,460025E+0	9,795511E+0	2,402662E+3
23,600000E+0	10,000000E+0	0,000000E+0	50,359623E+0	9,856391E+0	2,417077E+3
23,700000E+0	10,000000E+0	0,000000E+0	50,272478E+0	9,905856E+0	2,431575E+3
23,800000E+0	10,000000E+0	0,000000E+0	49,742341E+0	10,129083E+0	2,446130E+3
23,900000E+0	10,000000E+0	0,000000E+0	49,276533E+0	10,304114E+0	2,460642E+3
24,000000E+0	10,000000E+0	0,000000E+0	49,147939E+0	10,325675E+0	2,475169E+3
24,100000E+0	10,000000E+0	0,000000E+0	48,944844E+0	10,375140E+0	2,489639E+3
24,200000E+0	10,000000E+0	0,000000E+0	48,946483E+0	10,337090E+0	2,504208E+3
24,300000E+0	10,000000E+0	0,000000E+0	48,904071E+0	10,320602E+0	2,518495E+3
24,400000E+0	10,000000E+0	0,000000E+0	48,828001E+0	10,319334E+0	2,532867E+3
24,500000E+0	10,000000E+0	0,000000E+0	48,937758E+0	10,243233E+0	2,547183E+3
24,600000E+0	10,000000E+0	0,000000E+0	49,110339E+0	10,149377E+0	2,561527E+3
24,700000E+0	10,000000E+0	0,000000E+0	49,381573E+0	10,025080E+0	2,575786E+3
24,800000E+0	10,000000E+0	0,000000E+0	49,705529E+0	9,891904E+0	2,590073E+3
24,900000E+0	10,000000E+0	0,000000E+0	50,037235E+0	9,768876E+0	2,604361E+3
25,000000E+0	10,000000E+0	0,000000E+0	50,238979E+0	9,710532E+0	2,618677E+3
25,100000E+0	10,000000E+0	0,000000E+0	50,407975E+0	9,671214E+0	2,633006E+3
25,200000E+0	10,000000E+0	0,000000E+0	50,539520E+0	9,650920E+0	2,647378E+3
25,300000E+0	10,000000E+0	0,000000E+0	50,496854E+0	9,702922E+0	2,661792E+3
25,400000E+0	10,000000E+0	0,000000E+0	50,353299E+0	9,790437E+0	2,676234E+3
25,500000E+0	10,000000E+0	0,000000E+0	50,251007E+0	9,852586E+0	2,690719E+3
25,600000E+0	10,000000E+0	0,000000E+0	49,724599E+0	10,079618E+0	2,705316E+3
25,700000E+0	10,000000E+0	0,000000E+0	49,792967E+0	10,044105E+0	2,719716E+3
25,800000E+0	10,000000E+0	0,000000E+0	49,417330E+0	10,191232E+0	2,734186E+3
25,900000E+0	10,000000E+0	0,000000E+0	49,162556E+0	10,274942E+0	2,748670E+3
26,000000E+0	10,000000E+0	0,000000E+0	49,082046E+0	10,280015E+0	2,763127E+3
26,100000E+0	10,000000E+0	0,000000E+0	49,053736E+0	10,263527E+0	2,777555E+3
26,200000E+0	10,000000E+0	0,000000E+0	49,016923E+0	10,252112E+0	2,791941E+3
26,300000E+0	10,000000E+0	0,000000E+0	49,121279E+0	10,184890E+0	2,806298E+3
26,400000E+0	10,000000E+0	0,000000E+0	49,204513E+0	10,132888E+0	2,820642E+3
26,500000E+0	10,000000E+0	0,000000E+0	49,438946E+0	10,025080E+0	2,834972E+3
26,600000E+0	10,000000E+0	0,000000E+0	49,637129E+0	9,942638E+0	2,849287E+3
26,700000E+0	10,000000E+0	0,000000E+0	49,940578E+0	9,825951E+0	2,863603E+3
26,800000E+0	10,000000E+0	0,000000E+0	50,099922E+0	9,779022E+0	2,877961E+3
26,900000E+0	10,000000E+0	0,000000E+0	50,154521E+0	9,779022E+0	2,892305E+3
27,000000E+0	10,000000E+0	0,000000E+0	50,278295E+0	9,751119E+0	2,906662E+3
27,100000E+0	10,000000E+0	0,000000E+0	50,204583E+0	9,805657E+0	2,921105E+3
27,200000E+0	10,000000E+0	0,000000E+0	50,284044E+0	9,792974E+0	2,935491E+3
27,300000E+0	10,000000E+0	0,000000E+0	50,168548E+0	9,860196E+0	2,949947E+3
27,400000E+0	10,000000E+0	0,000000E+0	50,077319E+0	9,910929E+0	2,964417E+3
27,500000E+0	10,000000E+0	0,000000E+0	50,049017E+0	9,931223E+0	2,978845E+3
27,600000E+0	10,000000E+0	0,000000E+0	49,622663E+0	10,110058E+0	2,993344E+3
27,700000E+0	10,000000E+0	0,000000E+0	49,365936E+0	10,202647E+0	3,007814E+3
27,800000E+0	10,000000E+0	0,000000E+0	49,218392E+0	10,241965E+0	3,022270E+3
27,900000E+0	10,000000E+0	0,000000E+0	49,202628E+0	10,224208E+0	3,036684E+3
28,000000E+0	10,000000E+0	0,000000E+0	49,109499E+0	10,239428E+0	3,051098E+3
28,100000E+0	10,000000E+0	0,000000E+0	49,182402E+0	10,186158E+0	3,065470E+3
28,200000E+0	10,000000E+0	0,000000E+0	49,325064E+0	10,110058E+0	3,079828E+3
28,300000E+0	10,000000E+0	0,000000E+0	49,225552E+0	10,139230E+0	3,094256E+3
28,400000E+0	10,000000E+0	0,000000E+0	49,798003E+0	9,894441E+0	3,108459E+3
28,500000E+0	10,000000E+0	0,000000E+0	50,056763E+0	9,800584E+0	3,122789E+3
28,600000E+0	10,000000E+0	0,000000E+0	50,197219E+0	9,763802E+0	3,137105E+3
28,700000E+0	10,000000E+0	0,000000E+0	50,312177E+0	9,740972E+0	3,151477E+3
28,800000E+0	10,000000E+0	0,000000E+0	50,360456E+0	9,747314E+0	3,165848E+3
28,900000E+0	10,000000E+0	0,000000E+0	50,476343E+0	9,725752E+0	3,180234E+3
29,000000E+0	10,000000E+0	0,000000E+0	50,352301E+0	9,803121E+0	3,194662E+3
29,100000E+0	0,000000E+0	0,000000E+0	47,810662E+0	9,851317E+0	3,209105E+3
29,200000E+0	0,000000E+0	0,000000E+0	45,511804E+0	9,796779E+0	3,223519E+3
29,300000E+0	0,000000E+0	0,000000E+0	43,443378E+0	9,654725E+0	3,237863E+3
29,400000E+0	0,000000E+0	0,000000E+0	42,444528E+0	9,095389E+0	3,252009E+3
29,500000E+0	0,000000E+0	0,000000E+0	39,678429E+0	9,304665E+0	3,265988E+3
29,600000E+0	0,000000E+0	0,000000E+0	37,388865E+0	9,300860E+0	3,279488E+3
29,700000E+0	0,000000E+0	0,000000E+0	38,964594E+0	7,738270E+0	3,292748E+3
29,800000E+0	0,000000E+0	0,000000E+0	33,873729E+0	9,020557E+0	3,305644E+3
29,900000E+0	0,000000E+0	0,000000E+0	32,594510E+0	8,637520E+0	3,318230E+3
30,000000E+0	0,000000E+0	0,000000E+0	31,419365E+0	8,250677E+0	3,330253E+3
30,100000E+0	0,000000E+0	0,000000E+0	29,720372E+0	8,113697E+0	3,341911E+3
30,200000E+0	0,000000E+0	0,000000E+0	29,312947E+0	7,469383E+0	3,353105E+3
30,300000E+0	0,000000E+0	0,000000E+0	28,266066E+0	7,147226E+0	3,363877E+3
30,400000E+0	0,000000E+0	0,000000E+0	29,069026E+0	6,110996E+0	3,374184E+3
30,500000E+0	0,000000E+0	0,000000E+0	27,889273E+0	5,977821E+0	3,384056E+3
30,600000E+0	0,000000E+0	0,000000E+0	26,934227E+0	5,767277E+0	3,393661E+3
30,700000E+0	0,000000E+0	0,000000E+0	25,710484E+0	5,686103E+0	3,402858E+3
30,800000E+0	0,000000E+0	0,000000E+0	23,211344E+0	6,127484E+0	3,411703E+3
30,900000E+0	0,000000E+0	0,000000E+0	23,021117E+0	5,593515E+0	3,420253E+3
31,000000E+0	0,000000E+0	0,000000E+0	21,456702E+0	5,667078E+0	3,428311E+3
31,100000E+0	0,000000E+0	0,000000E+0	21,430541E+0	5,112816E+0	3,436059E+3
31,200000E+0	0,000000E+0	0,000000E+0	20,651489E+0	4,917493E+0	3,443372E+3
31,300000E+0	0,000000E+0	0,000000E+0	20,030748E+0	4,677777E+0	3,450417E+3
31,400000E+0	0,000000E+0	0,000000E+0	18,956715E+0	4,644801E+0	3,457041E+3
31,500000E+0	0,000000E+0	0,000000E+0	19,076232E+0	4,133662E+0	3,463425E+3
31,600000E+0	0,000000E+0	0,000000E+0	18,070608E+0	4,127320E+0	3,469416E+3
31,700000E+0	0,000000E+0	0,000000E+0	18,701589E+0	3,461444E+0	3,475181E+3
31,800000E+0	0,000000E+0	0,000000E+0	17,469019E+0	3,613644E+0	3,480652E+3
31,900000E+0	0,000000E+0	0,000000E+0	16,491264E+0	3,647889E+0	3,485841E+3
32,000000E+0	0,000000E+0	0,000000E+0	16,077310E+0	3,451298E+0	3,490861E+3
32,100000E+0	0,000000E+0	0,000000E+0	15,831414E+0	3,206509E+0	3,495558E+3
32,200000E+0	0,000000E+0	0,000000E+0	15,573681E+0	2,990892E+0	3,499988E+3
32,300000E+0	0,000000E+0	0,000000E+0	15,677365E+0	2,650978E+0	3,504263E+3
32,400000E+0	0,000000E+0	0,000000E+0	15,248751E+0	2,559658E+0	3,508298E+3
32,500000E+0	0,000000E+0	0,000000E+0	14,336468E+0	2,672540E+0	3,512109E+3
32,600000E+0	0,000000E+0	0,000000E+0	14,632005E+0	2,286966E+0	3,515738E+3
32,700000E+0	0,000000E+0	0,000000E+0	13,793387E+0	2,397311E+0	3,519267E+3
32,800000E+0	0,000000E+0	0,000000E+0	13,829920E+0	2,143644E+0	3,522572E+3
32,900000E+0	0,000000E+0	0,000000E+0	13,633564E+0	2,009201E+0	3,525666E+3
33,000000E+0	0,000000E+0	0,000000E+0	13,181151E+0	1,991444E+0	3,528661E+3
33,100000E+0	0,000000E+0	0,000000E+0	12,720548E+0	1,978761E+0	3,531544E+3
33,200000E+0	0,000000E+0	0,000000E+0	12,432871E+0	1,897587E+0	3,534258E+3
33,300000E+0	0,000000E+0	0,000000E+0	12,498547E+0	1,681971E+0	3,536817E+3
33,400000E+0	0,000000E+0	0,000000E+0	12,240181E+0	1,618554E+0	3,539208E+3
33,500000E+0	0,000000E+0	0,000000E+0	11,906299E+0	1,591919E+0	3,541472E+3
33,600000E+0	0,000000E+0	0,000000E+0	11,663894E+0	1,531039E+0	3,543694E+3
33,700000E+0	0,000000E+0	0,000000E+0	11,477408E+0	1,453670E+0	3,545845E+3
33,800000E+0	0,000000E+0	0,000000E+0	11,350913E+0	1,359813E+0	3,547898E+3
33,900000E+0	0,000000E+0	0,000000E+0	11,341938E+0	1,227907E+0	3,549811E+3
34,000000E+0	0,000000E+0	0,000000E+0	11,387565E+0	1,087122E+0	3,551583E+3
34,100000E+0	0,000000E+0	0,000000E+0	11,012053E+0	1,130245E+0	3,553214E+3
34,200000E+0	0,000000E+0	0,000000E+0	10,805111E+0	1,101073E+0	3,554803E+3
34,300000E+0	0,000000E+0	0,000000E+0	10,812901E+0	988,191380E-3	3,556350E+3
34,400000E+0	0,000000E+0	0,000000E+0	10,420956E+0	1,047803E+0	3,557883E+3
34,500000E+0	0,000000E+0	0,000000E+0	10,281548E+0	999,606394E-3	3,559402E+3
34,600000E+0	0,000000E+0	0,000000E+0	10,166626E+0	946,336327E-3	3,560836E+3
34,700000E+0	0,000000E+0	0,000000E+0	9,951671E+0	938,726318E-3	3,562228E+3
34,800000E+0	0,000000E+0	0,000000E+0	9,996430E+0	827,112844E-3	3,563550E+3
34,900000E+0	0,000000E+0	0,000000E+0	9,936704E+0	768,769437E-3	3,564731E+3
35,000000E+0	0,000000E+0	0,000000E+0	9,960570E+0	682,522660E-3	3,565786E+3
35,100000E+0	0,000000E+0	0,000000E+0	9,955436E+0	616,569242E-3	3,566756E+3
35,200000E+0	0,000000E+0	0,000000E+0	9,749641E+0	638,130936E-3	3,567670E+3
35,300000E+0	0,000000E+0	0,000000E+0	9,705166E+0	592,470877E-3	3,568556E+3
35,400000E+0	0,000000E+0	0,000000E+0	9,410996E+0	652,082621E-3	3,569456E+3
35,500000E+0	0,000000E+0	0,000000E+0	9,287611E+0	636,862601E-3	3,570384E+3
35,600000E+0	0,000000E+0	0,000000E+0	9,265460E+0	582,324197E-3	3,571298E+3
35,700000E+0	0,000000E+0	0,000000E+0	9,014673E+0	625,447586E-3	3,572184E+3
35,800000E+0	0,000000E+0	0,000000E+0	9,004776E+0	567,104177E-3	3,573070E+3
35,900000E+0	0,000000E+0	0,000000E+0	8,848934E+0	573,445852E-3	3,573914E+3
36,000000E+0	0,000000E+0	0,000000E+0	8,817298E+0	529,054128E-3	3,574716E+3
36,100000E+0	0,000000E+0	0,000000E+0	8,840650E+0	466,905713E-3	3,575475E+3
36,200000E+0	0,000000E+0	0,000000E+0	8,687555E+0	482,125733E-3	3,576206E+3
36,300000E+0	0,000000E+0	0,000000E+0	8,571576E+0	480,857398E-3	3,576923E+3
36,400000E+0	0,000000E+0	0,000000E+0	8,547095E+0	442,807348E-3	3,577613E+3
36,500000E+0	0,000000E+0	0,000000E+0	8,742683E+0	319,778851E-3	3,578189E+3
36,600000E+0	0,000000E+0	0,000000E+0	8,701404E+0	304,558830E-3	3,578653E+3
36,700000E+0	0,000000E+0	0,000000E+0	8,786513E+0	239,873743E-3	3,579047E+3
36,800000E+0	0,000000E+0	0,000000E+0	8,821574E+0	201,823691E-3	3,579370E+3
36,900000E+0	0,000000E+0	0,000000E+0	8,831449E+0	177,725325E-3	3,579638E+3
37,000000E+0	0,000000E+0	0,000000E+0	8,815836E+0	166,310309E-3	3,579905E+3
37,100000E+0	0,000000E+0	0,000000E+0	8,796754E+0	157,431964E-3	3,580144E+3
37,200000E+0	0,000000E+0	0,000000E+0	8,795587E+0	142,211943E-3	3,580383E+3
37,300000E+0	0,000000E+0	0,000000E+0	8,754161E+0	144,748613E-3	3,580622E+3
37,400000E+0	0,000000E+0	0,000000E+0	8,754161E+0	182,798665E-3	3,580875E+3
37,500000E+0	0,000000E+0	0,000000E+0	8,624067E+0	178,993660E-3	3,581156E+3
37,600000E+0	0,000000E+0	0,000000E+0	8,588334E+0	170,115315E-3	3,581409E+3
37,700000E+0	0,000000E+0	0,000000E+0	8,566119E+0	168,846979E-3	3,581634E+3
37,800000E+0	0,000000E+0	0,000000E+0	8,466646E+0	176,456990E-3	3,581859E+3
37,900000E+0	0,000000E+0	0,000000E+0	8,410470E+0	181,530330E-3	3,582113E+3
38,000000E+0	0,000000E+0	0,000000E+0	8,400205E+0	167,578644E-3	3,582366E+3
38,100000E+0	0,000000E+0	0,000000E+0	8,346223E+0	172,651985E-3	3,582633E+3
38,200000E+0	0,000000E+0	0,000000E+0	8,202946E+0	213,238707E-3	3,582928E+3
38,300000E+0	0,000000E+0	0,000000E+0	8,065363E+0	247,483753E-3	3,583252E+3
38,400000E+0	0,000000E+0	0,000000E+0	7,865865E+0	303,290495E-3	3,583645E+3
38,500000E+0	0,000000E+0	0,000000E+0	7,806650E+0	296,948820E-3	3,584053E+3
38,600000E+0	0,000000E+0	0,000000E+0	7,806650E+0	313,437175E-3	3,584475E+3
38,700000E+0	0,000000E+0	0,000000E+0	7,633825E+0	305,827165E-3	3,584953E+3
38,800000E+0	0,000000E+0	0,000000E+0	7,674601E+0	258,898769E-3	3,585389E+3
38,900000E+0	0,000000E+0	0,000000E+0	7,585478E+0	269,045449E-3	3,585797E+3
39,000000E+0	0,000000E+0	0,000000E+0	7,581888E+0	243,678748E-3	3,586191E+3
39,100000E+0	0,000000E+0	0,000000E+0	7,537401E+0	237,337073E-3	3,586528E+3
39,200000E+0	0,000000E+0	0,000000E+0	7,494482E+0	230,995397E-3	3,586866E+3
39,300000E+0	0,000000E+0	0,000000E+0	7,437407E+0	230,995397E-3	3,587217E+3
39,400000E+0	0,000000E+0	0,000000E+0	7,386622E+0	228,458727E-3	3,587541E+3
39,500000E+0	0,000000E+0	0,000000E+0	7,377339E+0	209,433701E-3	3,587878E+3
39,600000E+0	0,000000E+0	0,000000E+0	7,253273E+0	238,605408E-3	3,588216E+3
39,700000E+0	0,000000E+0	0,000000E+0	7,219472E+0	228,458727E-3	3,588567E+3
39,800000E+0	0,000000E+0	0,000000E+0	7,282508E+0	180,261995E-3	3,588863E+3
39,900000E+0	0,000000E+0	0,000000E+0	7,237969E+0	180,261995E-3	3,589102E+3
40,000000E+0	0,000000E+0	0,000000E+0	7,237450E+0	162,505304E-3	3,589341E+3
40,100000E+0	0,000000E+0	0,000000E+0	7,178433E+0	170,115315E-3	3,589580E+3
40,200000E+0	0,000000E+0	0,000000E+0	7,249596E+0	124,455252E-3	3,589791E+3
40,300000E+0	0,000000E+0	0,000000E+0	7,234567E+0	118,113577E-3	3,589988E+3
40,400000E+0	0,000000E+0	0,000000E+0	7,208528E+0	116,845241E-3	3,590184E+3
40,500000E+0	0,000000E+0	0,000000E+0	7,110483E+0	144,748613E-3	3,590409E+3
40,600000E+0	0,000000E+0	0,000000E+0	7,074718E+0	144,748613E-3	3,590620E+3
40,700000E+0	0,000000E+0	0,000000E+0	7,067253E+0	133,333597E-3	3,590845E+3
40,800000E+0	0,000000E+0	0,000000E+0	7,112916E+0	101,625220E-3	3,591042E+3
40,900000E+0	0,000000E+0	0,000000E+0	7,100384E+0	96,551880E-3	3,591183E+3
41,000000E+0	0,000000E+0	0,000000E+0	7,085961E+0	92,746875E-3	3,591323E+3
41,100000E+0	0,000000E+0	0,000000E+0	7,088199E+0	82,600194E-3	3,591450E+3
41,200000E+0	0,000000E+0	0,000000E+0	7,039492E+0	94,015210E-3	3,591591E+3
41,300000E+0	0,000000E+0	0,000000E+0	6,997396E+0	101,625220E-3	3,591717E+3
41,400000E+0	0,000000E+0	0,000000E+0	7,000586E+0	90,210205E-3	3,591830E+3
41,500000E+0	0,000000E+0	0,000000E+0	7,034894E+0	67,380173E-3	3,591928E+3
41,600000E+0	0,000000E+0	0,000000E+0	7,128296E+0	22,988445E-3	3,591984E+3
41,700000E+0	0,000000E+0	0,000000E+0	7,157204E+0	9,036759E-3	3,591998E+3
41,800000E+0	0,000000E+0	0,000000E+0	7,198991E+0	-8,719933E-3	3,591998E+3
41,900000E+0	0,000000E+0	0,000000E+0	7,182280E+0	-1,109922E-3	3,591998E+3
42,000000E+0	0,000000E+0	0,000000E+0	7,195131E+0	-6,183263E-3	3,591998E+3
42,100000E+0	0,000000E+0	0,000000E+0	7,158927E+0	9,036759E-3	3,591998E+3
42,200000E+0	0,000000E+0	0,000000E+0	7,150406E+0	11,573429E-3	3,591998E+3
42,300000E+0	0,000000E+0	0,000000E+0	7,188422E+0	-4,914927E-3	3,591998E+3
42,400000E+0	0,000000E+0	0,000000E+0	7,148761E+0	11,573429E-3	3,591998E+3
42,500000E+0	0,000000E+0	0,000000E+0	7,189921E+0	-6,183263E-3	3,591998E+3
42,600000E+0	0,000000E+0	0,000000E+0	7,191449E+0	-6,183263E-3	3,591998E+3
42,700000E+0	0,000000E+0	0,000000E+0	7,189833E+0	-4,914927E-3	3,591998E+3
42,800000E+0	0,000000E+0	0,000000E+0	7,197336E+0	-7,451598E-3	3,591998E+3
42,900000E+0	0,000000E+0	0,000000E+0	7,152012E+0	11,573429E-3	3,591998E+3
43,000000E+0	0,000000E+0	0,000000E+0	7,196317E+0	-7,451598E-3	3,591998E+3
43,100000E+0	0,000000E+0	0,000000E+0	7,191870E+0	-4,914927E-3	3,591998E+3
43,200000E+0	0,000000E+0	0,000000E+0	7,149064E+0	12,841764E-3	3,591998E+3
43,300000E+0	0,000000E+0	0,000000E+0	7,189911E+0	-4,914927E-3	3,591998E+3
43,400000E+0	0,000000E+0	0,000000E+0	7,219424E+0	-16,329943E-3	3,591998E+3
43,500000E+0	0,000000E+0	0,000000E+0	7,185727E+0	-1,109922E-3	3,591998E+3
43,600000E+0	0,000000E+0	0,000000E+0	7,186002E+0	-1,109922E-3	3,591998E+3
43,700000E+0	0,000000E+0	0,000000E+0	7,157977E+0	10,305094E-3	3,591998E+3
43,800000E+0	0,000000E+0	0,000000E+0	7,168008E+0	5,231753E-3	3,591998E+3
43,900000E+0	0,000000E+0	0,000000E+0	7,188726E+0	-3,646592E-3	3,591998E+3
44,000000E+0	0,000000E+0	0,000000E+0	7,199060E+0	-7,451598E-3	3,591998E+3
44,100000E+0	0,000000E+0	0,000000E+0	7,200901E+0	-7,451598E-3	3,591998E+3
44,200000E+0	0,000000E+0	0,000000E+0	7,158722E+0	10,305094E-3	3,591998E+3
44,300000E+0	0,000000E+0	0,000000E+0	7,165608E+0	6,500088E-3	3,591998E+3
44,400000E+0	0,000000E+0	0,000000E+0	7,195445E+0	-6,183263E-3	3,591998E+3
44,500000E+0	0,000000E+0	0,000000E+0	7,218983E+0	-15,061608E-3	3,591998E+3
44,600000E+0	0,000000E+0	0,000000E+0	7,197550E+0	-4,914927E-3	3,591998E+3
44,700000E+0	0,000000E+0	0,000000E+0	7,201909E+0	-6,183263E-3	3,591998E+3
44,800000E+0	0,000000E+0	0,000000E+0	7,153128E+0	14,110099E-3	3,591998E+3
44,900000E+0	0,000000E+0	0,000000E+0	7,193662E+0	-3,646592E-3	3,591998E+3
45,000000E+0	0,000000E+0	0,000000E+0	7,153687E+0	12,841764E-3	3,591998E+3
45,100000E+0	0,000000E+0	0,000000E+0	7,144225E+0	15,378434E-3	3,591998E+3
45,200000E+0	0,000000E+0	0,000000E+0	7,153003E+0	10,305094E-3	3,591998E+3
45,300000E+0	0,000000E+0	0,000000E+0	7,181900E+0	-2,378257E-3	3,591998E+3
45,400000E+0	0,000000E+0	0,000000E+0	7,182487E+0	-2,378257E-3	3,591998E+3
45,500000E+0	0,000000E+0	0,000000E+0	7,179931E+0	-1,109922E-3	3,591998E+3
45,600000E+0	0,000000E+0	0,000000E+0	7,195926E+0	-7,451598E-3	3,591998E+3
45,700000E+0	0,000000E+0	0,000000E+0	7,182046E+0	-1,109922E-3	3,591998E+3
45,800000E+0	0,000000E+0	0,000000E+0	7,198042E+0	-7,451598E-3	3,591998E+3
45,900000E+0	0,000000E+0	0,000000E+0	7,203027E+0	-8,719933E-3	3,591998E+3
46,000000E+0	0,000000E+0	0,000000E+0	7,167450E+0	6,500088E-3	3,591998E+3
46,100000E+0	0,000000E+0	0,000000E+0	7,197287E+0	-6,183263E-3	3,591998E+3
46,200000E+0	0,000000E+0	0,000000E+0	7,189382E+0	-2,378257E-3	3,591998E+3
46,300000E+0	0,000000E+0	0,000000E+0	7,193114E+0	-3,646592E-3	3,591998E+3
46,400000E+0	0,000000E+0	0,000000E+0	7,187726E+0	-1,109922E-3	3,591998E+3
46,500000E+0	0,000000E+0	0,000000E+0	7,150269E+0	14,110099E-3	3,591998E+3
46,600000E+0	0,000000E+0	0,000000E+0	7,197091E+0	-6,183263E-3	3,591998E+3
46,700000E+0	0,000000E+0	0,000000E+0	7,157743E+0	10,305094E-3	3,591998E+3
46,800000E+0	0,000000E+0	0,000000E+0	7,189784E+0	-3,646592E-3	3,591998E+3
46,900000E+0	0,000000E+0	0,000000E+0	7,174964E+0	2,695083E-3	3,591998E+3
47,000000E+0	0,000000E+0	0,000000E+0	7,152288E+0	11,573429E-3	3,591998E+3
47,100000E+0	0,000000E+0	0,000000E+0	7,193448E+0	-6,183263E-3	3,591998E+3
47,200000E+0	0,000000E+0	0,000000E+0	7,160389E+0	7,768424E-3	3,591998E+3
47,300000E+0	0,000000E+0	0,000000E+0	7,158469E+0	7,768424E-3	3,591998E+3
47,400000E+0	0,000000E+0	0,000000E+0	7,194282E+0	-7,451598E-3	3,591998E+3
47,500000E+0	0,000000E+0	0,000000E+0	7,192979E+0	-6,183263E-3	3,591998E+3
47,600000E+0	0,000000E+0	0,000000E+0	7,150486E+0	11,573429E-3	3,591998E+3
47,700000E+0	0,000000E+0	0,000000E+0	7,194791E+0	-7,451598E-3	3,591998E+3
47,800000E+0	0,000000E+0	0,000000E+0	7,190344E+0	-4,914927E-3	3,591998E+3
47,900000E+0	0,000000E+0	0,000000E+0	7,178981E+0	158,412962E-6	3,591998E+3
48,000000E+0	0,000000E+0	0,000000E+0	7,150643E+0	11,573429E-3	3,591998E+3
48,100000E+0	0,000000E+0	0,000000E+0	7,163505E+0	5,231753E-3	3,591998E+3
48,200000E+0	0,000000E+0	0,000000E+0	7,190511E+0	-6,183263E-3	3,591998E+3
48,300000E+0	0,000000E+0	0,000000E+0	7,179461E+0	-1,109922E-3	3,591998E+3
48,400000E+0	0,000000E+0	0,000000E+0	7,192313E+0	-6,183263E-3	3,591998E+3
48,500000E+0	0,000000E+0	0,000000E+0	7,193841E+0	-6,183263E-3	3,591998E+3
48,600000E+0	0,000000E+0	0,000000E+0	7,145060E+0	14,110099E-3	3,591998E+3
48,700000E+0	0,000000E+0	0,000000E+0	7,147862E+0	11,573429E-3	3,591998E+3
48,800000E+0	0,000000E+0	0,000000E+0	7,160724E+0	5,231753E-3	3,591998E+3
48,900000E+0	0,000000E+0	0,000000E+0	7,140565E+0	12,841764E-3	3,591998E+3
49,000000E+0	0,000000E+0	0,000000E+0	7,146825E+0	9,036759E-3	3,591998E+3
49,100000E+0	0,000000E+0	0,000000E+0	7,163458E+0	1,426748E-3	3,591998E+3
49,200000E+0	0,000000E+0	0,000000E+0	7,178827E+0	-4,914927E-3	3,591998E+3
49,300000E+0	0,000000E+0	0,000000E+0	7,161176E+0	2,695083E-3	3,591998E+3
49,400000E+0	0,000000E+0	0,000000E+0	7,179376E+0	-4,914927E-3	3,591998E+3
49,500000E+0	0,000000E+0	0,000000E+0	7,158580E+0	3,963418E-3	3,591998E+3
49,600000E+0	0,000000E+0	0,000000E+0	7,154456E+0	5,231753E-3	3,591998E+3
49,700000E+0	0,000000E+0	0,000000E+0	7,181462E+0	-6,183263E-3	3,591998E+3
49,800000E+0	0,000000E+0	0,000000E+0	7,186135E+0	-7,451598E-3	3,591998E+3
49,900000E+0	0,000000E+0	0,000000E+0	7,143955E+0	10,305094E-3	3,591998E+3
50,000000E+0	0,000000E+0	0,000000E+0	7,179141E+0	-4,914927E-3	3,591998E+3
50,100000E+0	0,000000E+0	0,000000E+0	7,183500E+0	-6,183263E-3	3,591998E+3
50,200000E+0	0,000000E+0	0,000000E+0	7,185027E+0	-6,183263E-3	3,591998E+3
50,300000E+0	0,000000E+0	0,000000E+0	7,180266E+0	-3,646592E-3	3,591998E+3
50,400000E+0	0,000000E+0	0,000000E+0	7,140292E+0	12,841764E-3	3,591998E+3
50,500000E+0	0,000000E+0	0,000000E+0	7,174850E+0	-2,378257E-3	3,591998E+3
50,600000E+0	0,000000E+0	0,000000E+0	7,150283E+0	7,768424E-3	3,591998E+3
50,700000E+0	0,000000E+0	0,000000E+0	7,186096E+0	-7,451598E-3	3,591998E+3
50,800000E+0	0,000000E+0	0,000000E+0	7,147061E+0	9,036759E-3	3,591998E+3
50,900000E+0	0,000000E+0	0,000000E+0	7,169982E+0	-1,109922E-3	3,591998E+3
51,000000E+0	0,000000E+0	0,000000E+0	7,185978E+0	-7,451598E-3	3,591998E+3
51,100000E+0	0,000000E+0	0,000000E+0	7,187819E+0	-7,451598E-3	3,591998E+3
51,200000E+0	0,000000E+0	0,000000E+0	7,139352E+0	12,841764E-3	3,591998E+3
51,300000E+0	0,000000E+0	0,000000E+0	7,180199E+0	-4,914927E-3	3,591998E+3
51,400000E+0	0,000000E+0	0,000000E+0	7,168836E+0	158,412962E-6	3,591998E+3
51,500000E+0	0,000000E+0	0,000000E+0	7,181374E+0	-4,914927E-3	3,591998E+3
51,600000E+0	0,000000E+0	0,000000E+0	7,185733E+0	-6,183263E-3	3,591998E+3
51,700000E+0	0,000000E+0	0,000000E+0	7,162106E+0	3,963418E-3	3,591998E+3
