t [s] || setpoint speed [rot. s^-1] || setpoint pos [°] || duty cycle [%] || Ang Speed [rot. s^-1] ||
Ang Pos [°]
0,000000E+0	0,000000E+0	0,000000E+0	99,900000E+0	2,066276E+0	-3,796875E+0
100,000000E-3	0,000000E+0	0,000000E+0	99,900000E+0	2,824740E+0	843,750000E-3
200,000000E-3	0,000000E+0	0,000000E+0	99,900000E+0	244,947083E-3	3,670313E+0
300,000000E-3	0,000000E+0	0,000000E+0	99,900000E+0	-2,473096E+0	1,926562E+0
400,000000E-3	0,000000E+0	0,000000E+0	99,900000E+0	-2,372897E+0	-2,657812E+0
500,000000E-3	0,000000E+0	0,000000E+0	99,900000E+0	706,621024E-3	-3,796875E+0
600,000000E-3	0,000000E+0	0,000000E+0	99,900000E+0	3,333342E+0	-843,750000E-3
700,000000E-3	0,000000E+0	0,000000E+0	99,900000E+0	1,457475E+0	3,135938E+0
800,000000E-3	0,000000E+0	0,000000E+0	99,900000E+0	-1,552284E+0	2,854688E+0
900,000000E-3	0,000000E+0	0,000000E+0	99,900000E+0	-4,085151E+0	-1,223437E+0
1,000000E+0	0,000000E+0	0,000000E+0	99,900000E+0	-524,932348E-3	-4,429687E+0
1,100000E+0	0,000000E+0	0,000000E+0	99,900000E+0	2,218476E+0	-3,135938E+0
1,200000E+0	0,000000E+0	0,000000E+0	99,900000E+0	3,031479E+0	1,434375E+0
1,300000E+0	0,000000E+0	0,000000E+0	99,900000E+0	-292,827005E-3	3,346875E+0
1,400000E+0	0,000000E+0	0,000000E+0	84,226471E+0	-2,834572E+0	928,125000E-3
1,500000E+0	0,000000E+0	0,000000E+0	99,900000E+0	-593,422451E-3	-2,278125E+0
1,600000E+0	0,000000E+0	0,000000E+0	99,900000E+0	2,242575E+0	-1,068750E+0
1,700000E+0	0,000000E+0	0,000000E+0	99,900000E+0	2,037104E+0	2,840625E+0
1,800000E+0	0,000000E+0	0,000000E+0	99,900000E+0	-1,103293E+0	3,403125E+0
1,900000E+0	0,000000E+0	0,000000E+0	49,506314E+0	-1,865563E+0	-14,062500E-3
2,000000E+0	0,000000E+0	0,000000E+0	99,900000E+0	-78,478364E-3	-2,432813E+0
2,100000E+0	0,000000E+0	0,000000E+0	22,174082E+0	2,624343E+0	-492,187500E-3
2,200000E+0	0,000000E+0	0,000000E+0	99,900000E+0	635,594266E-3	2,643750E+0
2,300000E+0	0,000000E+0	0,000000E+0	99,900000E+0	-2,093863E+0	1,448438E+0
2,400000E+0	0,000000E+0	0,000000E+0	99,900000E+0	-2,437582E+0	-2,531250E+0
2,500000E+0	0,000000E+0	0,000000E+0	99,900000E+0	690,132670E-3	-3,698438E+0
2,600000E+0	0,000000E+0	0,000000E+0	99,900000E+0	3,332074E+0	-759,375000E-3
2,700000E+0	0,000000E+0	0,000000E+0	99,900000E+0	1,499330E+0	3,121875E+0
2,800000E+0	0,000000E+0	0,000000E+0	99,900000E+0	-1,462232E+0	3,023437E+0
2,900000E+0	0,000000E+0	0,000000E+0	99,900000E+0	-2,825693E+0	-646,875000E-3
3,000000E+0	0,000000E+0	0,000000E+0	99,900000E+0	341,340546E-3	-2,334375E+0
3,100000E+0	0,000000E+0	0,000000E+0	30,173872E+0	1,976224E+0	182,812500E-3
3,200000E+0	0,000000E+0	0,000000E+0	99,900000E+0	-393,025485E-3	1,856250E+0
3,300000E+0	0,000000E+0	0,000000E+0	2,067114E+0	-1,585261E+0	-421,875000E-3
3,400000E+0	0,000000E+0	0,000000E+0	99,900000E+0	567,104177E-3	-1,701563E+0
3,500000E+0	0,000000E+0	0,000000E+0	99,900000E+0	1,770754E+0	801,562500E-3
3,600000E+0	0,000000E+0	0,000000E+0	99,900000E+0	-1,148953E+0	1,195312E+0
3,700000E+0	0,000000E+0	0,000000E+0	99,900000E+0	-1,458427E+0	-1,617187E+0
3,800000E+0	0,000000E+0	0,000000E+0	99,900000E+0	1,539917E+0	-1,490625E+0
3,900000E+0	0,000000E+0	0,000000E+0	99,900000E+0	2,399848E+0	2,362500E+0
4,000000E+0	0,000000E+0	0,000000E+0	99,900000E+0	-441,222223E-3	3,937500E+0
4,100000E+0	0,000000E+0	0,000000E+0	21,618456E+0	-3,041310E+0	1,307813E+0
4,200000E+0	0,000000E+0	0,000000E+0	99,900000E+0	-1,260567E+0	-2,601562E+0
4,300000E+0	0,000000E+0	0,000000E+0	99,900000E+0	1,636310E+0	-2,095312E+0
4,400000E+0	0,000000E+0	0,000000E+0	99,900000E+0	2,002859E+0	1,575000E+0
4,500000E+0	0,000000E+0	0,000000E+0	99,900000E+0	-1,176857E+0	2,010938E+0
4,600000E+0	0,000000E+0	0,000000E+0	99,900000E+0	-2,012690E+0	-1,195312E+0
4,700000E+0	0,000000E+0	0,000000E+0	99,900000E+0	1,219028E+0	-1,617187E+0
4,800000E+0	0,000000E+0	0,000000E+0	99,900000E+0	3,636474E+0	1,954688E+0
4,900000E+0	0,000000E+0	0,000000E+0	99,900000E+0	-259,850290E-3	3,965625E+0
5,000000E+0	0,000000E+0	0,000000E+0	99,900000E+0	-2,840913E+0	1,631250E+0
5,100000E+0	0,000000E+0	0,000000E+0	99,900000E+0	-2,982967E+0	-3,220312E+0
5,200000E+0	0,000000E+0	0,000000E+0	99,900000E+0	262,703774E-3	-5,104687E+0
5,300000E+0	0,000000E+0	0,000000E+0	99,900000E+0	2,881815E+0	-2,770313E+0
5,400000E+0	0,000000E+0	0,000000E+0	99,900000E+0	3,363782E+0	2,868750E+0
5,500000E+0	0,000000E+0	0,000000E+0	99,900000E+0	427,587328E-3	6,032813E+0
5,600000E+0	0,000000E+0	0,000000E+0	99,900000E+0	-2,176305E+0	4,528125E+0
5,700000E+0	0,000000E+0	0,000000E+0	82,773262E+0	-3,227756E+0	-450,000000E-3
5,800000E+0	0,000000E+0	0,000000E+0	99,900000E+0	-702,499285E-3	-3,867187E+0
5,900000E+0	0,000000E+0	0,000000E+0	99,900000E+0	2,115741E+0	-2,728125E+0
6,000000E+0	0,000000E+0	0,000000E+0	99,900000E+0	2,907182E+0	1,701563E+0
6,100000E+0	0,000000E+0	0,000000E+0	99,900000E+0	-522,395677E-3	3,206250E+0
6,200000E+0	0,000000E+0	0,000000E+0	79,611386E+0	-2,797790E+0	478,125000E-3
6,300000E+0	0,000000E+0	0,000000E+0	99,900000E+0	-770,989391E-3	-2,896875E+0
6,400000E+0	0,000000E+0	0,000000E+0	99,900000E+0	2,104326E+0	-1,757812E+0
6,500000E+0	0,000000E+0	0,000000E+0	99,900000E+0	2,370676E+0	2,475000E+0
6,600000E+0	0,000000E+0	0,000000E+0	99,900000E+0	-778,599403E-3	3,571875E+0
6,700000E+0	0,000000E+0	0,000000E+0	17,365080E+0	-3,056530E+0	534,375000E-3
6,800000E+0	0,000000E+0	0,000000E+0	99,900000E+0	-1,261835E+0	-3,417188E+0
6,900000E+0	0,000000E+0	0,000000E+0	99,900000E+0	1,717484E+0	-3,009375E+0
7,000000E+0	0,000000E+0	0,000000E+0	99,900000E+0	3,202704E+0	1,026563E+0
7,100000E+0	0,000000E+0	0,000000E+0	99,900000E+0	-129,211769E-3	3,234375E+0
7,200000E+0	0,000000E+0	0,000000E+0	99,900000E+0	-2,695055E+0	1,040625E+0
7,300000E+0	0,000000E+0	0,000000E+0	99,900000E+0	-1,402620E+0	-2,629688E+0
7,400000E+0	0,000000E+0	0,000000E+0	99,900000E+0	1,495525E+0	-2,432813E+0
7,500000E+0	0,000000E+0	0,000000E+0	99,900000E+0	2,493705E+0	1,279688E+0
7,600000E+0	0,000000E+0	0,000000E+0	99,900000E+0	-907,969606E-3	2,137500E+0
7,700000E+0	0,000000E+0	0,000000E+0	99,900000E+0	-1,972103E+0	-914,062500E-3
7,800000E+0	0,000000E+0	0,000000E+0	99,900000E+0	697,742679E-3	-2,010938E+0
7,900000E+0	0,000000E+0	0,000000E+0	99,900000E+0	2,364335E+0	815,625000E-3
8,000000E+0	0,000000E+0	0,000000E+0	99,900000E+0	-990,411405E-3	1,546875E+0
8,100000E+0	0,000000E+0	0,000000E+0	99,900000E+0	-1,666434E+0	-1,181250E+0
8,200000E+0	0,000000E+0	0,000000E+0	99,900000E+0	1,456207E+0	-1,279688E+0
8,300000E+0	0,000000E+0	0,000000E+0	99,900000E+0	1,680702E+0	1,954688E+0
8,400000E+0	0,000000E+0	0,000000E+0	99,900000E+0	-1,469842E+0	1,884375E+0
8,500000E+0	0,000000E+0	0,000000E+0	99,900000E+0	-2,035520E+0	-1,659375E+0
8,600000E+0	0,000000E+0	0,000000E+0	99,900000E+0	955,214672E-3	-2,404688E+0
8,700000E+0	0,000000E+0	0,000000E+0	99,900000E+0	2,068813E+0	632,812500E-3
8,800000E+0	0,000000E+0	0,000000E+0	99,900000E+0	-803,966109E-3	1,645312E+0
8,900000E+0	0,000000E+0	0,000000E+0	99,900000E+0	-1,873173E+0	-1,251563E+0
9,000000E+0	0,000000E+0	0,000000E+0	99,900000E+0	928,579639E-3	-2,025000E+0
9,100000E+0	0,000000E+0	0,000000E+0	99,900000E+0	2,593903E+0	1,054687E+0
9,200000E+0	0,000000E+0	0,000000E+0	99,900000E+0	-844,552839E-3	2,025000E+0
9,300000E+0	0,000000E+0	0,000000E+0	99,900000E+0	-2,432509E+0	-956,250000E-3
9,400000E+0	0,000000E+0	0,000000E+0	99,900000E+0	535,395803E-3	-2,264063E+0
9,500000E+0	0,000000E+0	0,000000E+0	99,900000E+0	2,267941E+0	478,125000E-3
9,600000E+0	0,000000E+0	0,000000E+0	99,900000E+0	-606,105804E-3	1,814063E+0
9,700000E+0	0,000000E+0	0,000000E+0	99,900000E+0	-1,781853E+0	-829,687500E-3
9,800000E+0	0,000000E+0	0,000000E+0	99,900000E+0	1,005948E+0	-1,575000E+0
9,900000E+0	0,000000E+0	0,000000E+0	99,900000E+0	2,604050E+0	1,589063E+0
10,000000E+0	0,000000E+0	0,000000E+0	99,900000E+0	-760,842708E-3	2,559375E+0
10,100000E+0	0,000000E+0	0,000000E+0	88,677238E+0	-3,180827E+0	-393,750000E-3
10,200000E+0	0,000000E+0	0,000000E+0	99,900000E+0	460,564038E-3	-1,926562E+0
10,300000E+0	0,000000E+0	0,000000E+0	99,900000E+0	2,952842E+0	801,562500E-3
10,400000E+0	0,000000E+0	0,000000E+0	99,900000E+0	-176,140170E-3	2,882812E+0
10,500000E+0	0,000000E+0	0,000000E+0	99,900000E+0	-2,568221E+0	632,812500E-3
10,600000E+0	0,000000E+0	0,000000E+0	99,900000E+0	-944,751331E-3	-2,545313E+0
10,700000E+0	0,000000E+0	0,000000E+0	99,900000E+0	1,886172E+0	-1,771875E+0
10,800000E+0	0,000000E+0	0,000000E+0	99,900000E+0	2,564732E+0	2,404688E+0
10,900000E+0	0,000000E+0	0,000000E+0	99,900000E+0	-682,205920E-3	3,642187E+0
11,000000E+0	0,000000E+0	0,000000E+0	41,024189E+0	-3,027359E+0	717,187500E-3
11,100000E+0	0,000000E+0	0,000000E+0	99,900000E+0	-971,386374E-3	-2,896875E+0
11,200000E+0	0,000000E+0	100,000000E+0	99,900000E+0	1,928027E+0	-1,996875E+0
11,300000E+0	0,000000E+0	100,000000E+0	99,900000E+0	3,854628E+0	2,601562E+0
11,400000E+0	0,000000E+0	100,000000E+0	99,900000E+0	4,350547E+0	10,237500E+0
11,500000E+0	0,000000E+0	100,000000E+0	8,067606E+0	1,487915E+0	15,032813E+0
11,600000E+0	0,000000E+0	100,000000E+0	99,900000E+0	2,867864E+0	17,718750E+0
11,700000E+0	0,000000E+0	100,000000E+0	33,946344E+0	2,072618E+0	20,601562E+0
11,800000E+0	0,000000E+0	100,000000E+0	83,619846E+0	2,404921E+0	23,357813E+0
11,900000E+0	0,000000E+0	100,000000E+0	99,900000E+0	1,109952E+0	25,453125E+0
12,000000E+0	0,000000E+0	100,000000E+0	97,160796E+0	3,124067E+0	28,912500E+0
12,100000E+0	0,000000E+0	100,000000E+0	99,900000E+0	4,033463E+0	35,493750E+0
12,200000E+0	0,000000E+0	100,000000E+0	99,900000E+0	945,067992E-3	39,417188E+0
12,300000E+0	0,000000E+0	100,000000E+0	99,900000E+0	-1,635994E+0	38,573438E+0
12,400000E+0	0,000000E+0	100,000000E+0	99,900000E+0	-414,587183E-3	36,000000E+0
12,500000E+0	0,000000E+0	100,000000E+0	99,900000E+0	2,280625E+0	37,406250E+0
12,600000E+0	0,000000E+0	100,000000E+0	99,900000E+0	4,611824E+0	42,328125E+0
12,700000E+0	0,000000E+0	100,000000E+0	99,900000E+0	3,718916E+0	49,007812E+0
12,800000E+0	0,000000E+0	100,000000E+0	99,900000E+0	308,363835E-3	51,890625E+0
12,900000E+0	0,000000E+0	100,000000E+0	99,900000E+0	-2,353872E+0	50,217188E+0
13,000000E+0	0,000000E+0	100,000000E+0	99,900000E+0	153,626959E-3	48,220312E+0
13,100000E+0	0,000000E+0	100,000000E+0	99,900000E+0	2,590098E+0	50,484375E+0
13,200000E+0	0,000000E+0	100,000000E+0	99,900000E+0	4,382255E+0	56,025000E+0
13,300000E+0	0,000000E+0	100,000000E+0	99,900000E+0	894,334596E-3	59,793750E+0
13,400000E+0	0,000000E+0	100,000000E+0	95,501407E+0	-302,973686E-3	58,865625E+0
13,500000E+0	0,000000E+0	100,000000E+0	99,900000E+0	1,408010E+0	58,907812E+0
13,600000E+0	0,000000E+0	100,000000E+0	99,900000E+0	2,346578E+0	62,479688E+0
13,700000E+0	0,000000E+0	100,000000E+0	99,900000E+0	-809,039450E-3	63,421875E+0
13,800000E+0	0,000000E+0	100,000000E+0	99,900000E+0	1,477769E+0	63,590625E+0
13,900000E+0	0,000000E+0	100,000000E+0	99,900000E+0	2,044714E+0	66,951563E+0
14,000000E+0	0,000000E+0	100,000000E+0	13,756295E+0	-854,699522E-3	67,570312E+0
14,100000E+0	0,000000E+0	100,000000E+0	99,900000E+0	1,085853E+0	67,429687E+0
14,200000E+0	0,000000E+0	100,000000E+0	99,900000E+0	2,073886E+0	70,706250E+0
14,300000E+0	0,000000E+0	100,000000E+0	88,961474E+0	-973,923045E-3	71,310938E+0
14,400000E+0	0,000000E+0	100,000000E+0	99,900000E+0	1,344593E+0	71,240625E+0
14,500000E+0	0,000000E+0	100,000000E+0	99,900000E+0	2,136034E+0	74,798438E+0
14,600000E+0	0,000000E+0	100,000000E+0	99,900000E+0	-611,179145E-3	76,092188E+0
14,700000E+0	0,000000E+0	100,000000E+0	99,900000E+0	-1,108367E+0	73,856250E+0
14,800000E+0	0,000000E+0	100,000000E+0	99,900000E+0	1,714947E+0	74,629688E+0
14,900000E+0	0,000000E+0	100,000000E+0	99,900000E+0	2,781617E+0	78,848438E+0
15,000000E+0	0,000000E+0	100,000000E+0	99,900000E+0	-654,302544E-3	80,114063E+0
15,100000E+0	0,000000E+0	100,000000E+0	99,900000E+0	-1,591602E+0	77,554687E+0
15,200000E+0	0,000000E+0	100,000000E+0	99,900000E+0	1,362350E+0	77,582813E+0
15,300000E+0	0,000000E+0	100,000000E+0	99,900000E+0	2,673808E+0	81,253125E+0
15,400000E+0	0,000000E+0	100,000000E+0	99,900000E+0	-478,003944E-3	82,771875E+0
15,500000E+0	0,000000E+0	100,000000E+0	99,900000E+0	-1,454622E+0	80,493750E+0
15,600000E+0	0,000000E+0	100,000000E+0	99,900000E+0	1,513282E+0	80,690625E+0
15,700000E+0	0,000000E+0	100,000000E+0	99,900000E+0	4,474844E+0	84,585937E+0
15,800000E+0	0,000000E+0	100,000000E+0	99,900000E+0	-15,061608E-3	86,920313E+0
15,900000E+0	0,000000E+0	100,000000E+0	43,638211E+0	-2,565684E+0	84,965625E+0
16,000000E+0	0,000000E+0	100,000000E+0	99,900000E+0	700,279349E-3	83,910938E+0
16,100000E+0	0,000000E+0	100,000000E+0	55,118947E+0	2,105594E+0	86,737500E+0
16,200000E+0	0,000000E+0	100,000000E+0	99,900000E+0	-599,764127E-3	88,017188E+0
16,300000E+0	0,000000E+0	100,000000E+0	99,900000E+0	-1,364570E+0	85,767188E+0
16,400000E+0	0,000000E+0	100,000000E+0	99,900000E+0	1,467622E+0	85,865625E+0
16,500000E+0	0,000000E+0	100,000000E+0	99,900000E+0	2,604050E+0	89,634375E+0
16,600000E+0	0,000000E+0	100,000000E+0	99,900000E+0	-472,930603E-3	91,139063E+0
16,700000E+0	0,000000E+0	100,000000E+0	99,900000E+0	-2,988040E+0	88,453125E+0
16,800000E+0	0,000000E+0	100,000000E+0	99,900000E+0	121,918582E-3	86,400000E+0
16,900000E+0	0,000000E+0	100,000000E+0	99,900000E+0	2,670003E+0	88,579688E+0
17,000000E+0	0,000000E+0	100,000000E+0	99,900000E+0	2,820935E+0	93,529688E+0
17,100000E+0	0,000000E+0	100,000000E+0	99,900000E+0	-446,295564E-3	95,160938E+0
17,200000E+0	0,000000E+0	100,000000E+0	99,900000E+0	-3,043847E+0	92,587500E+0
17,300000E+0	0,000000E+0	100,000000E+0	99,900000E+0	-1,945468E+0	88,523437E+0
17,400000E+0	0,000000E+0	100,000000E+0	99,900000E+0	1,292592E+0	88,340625E+0
17,500000E+0	0,000000E+0	100,000000E+0	3,697721E+0	3,559106E+0	92,081250E+0
17,600000E+0	0,000000E+0	100,000000E+0	99,900000E+0	813,161160E-3	95,695312E+0
17,700000E+0	0,000000E+0	100,000000E+0	99,900000E+0	-2,067228E+0	94,640625E+0
17,800000E+0	0,000000E+0	100,000000E+0	99,900000E+0	-2,139523E+0	90,562500E+0
17,900000E+0	0,000000E+0	100,000000E+0	99,900000E+0	1,002143E+0	89,873438E+0
18,000000E+0	0,000000E+0	100,000000E+0	35,712141E+0	3,496958E+0	93,248438E+0
18,100000E+0	0,000000E+0	100,000000E+0	99,900000E+0	536,664138E-3	96,426563E+0
18,200000E+0	0,000000E+0	100,000000E+0	97,517756E+0	-2,133182E+0	95,189063E+0
18,300000E+0	0,000000E+0	100,000000E+0	99,900000E+0	-621,325827E-3	92,306250E+0
18,400000E+0	0,000000E+0	100,000000E+0	99,900000E+0	2,068813E+0	93,585937E+0
18,500000E+0	0,000000E+0	100,000000E+0	99,900000E+0	2,753713E+0	97,621875E+0
18,600000E+0	0,000000E+0	100,000000E+0	99,900000E+0	-419,660524E-3	99,182812E+0
18,700000E+0	0,000000E+0	100,000000E+0	99,900000E+0	-2,788911E+0	96,623438E+0
18,800000E+0	0,000000E+0	100,000000E+0	99,900000E+0	-2,379239E+0	91,645313E+0
18,900000E+0	0,000000E+0	100,000000E+0	99,900000E+0	532,859133E-3	90,295313E+0
19,000000E+0	0,000000E+0	100,000000E+0	99,900000E+0	3,197631E+0	93,093750E+0
19,100000E+0	0,000000E+0	100,000000E+0	99,900000E+0	5,760935E+0	99,126563E+0
19,200000E+0	0,000000E+0	100,000000E+0	99,900000E+0	1,080780E+0	103,317188E+0
19,300000E+0	0,000000E+0	100,000000E+0	99,900000E+0	-1,712094E+0	102,754688E+0
19,400000E+0	0,000000E+0	100,000000E+0	99,900000E+0	-3,652648E+0	98,578125E+0
19,500000E+0	0,000000E+0	100,000000E+0	99,900000E+0	-3,902511E+0	92,137500E+0
19,600000E+0	0,000000E+0	100,000000E+0	99,900000E+0	-295,363675E-3	89,198437E+0
19,700000E+0	0,000000E+0	100,000000E+0	99,900000E+0	2,352920E+0	90,871875E+0
19,800000E+0	0,000000E+0	100,000000E+0	99,900000E+0	4,188200E+0	96,089062E+0
19,900000E+0	0,000000E+0	100,000000E+0	99,900000E+0	2,160133E+0	101,700000E+0
20,000000E+0	0,000000E+0	100,000000E+0	99,900000E+0	-932,067978E-3	102,529688E+0
20,100000E+0	0,000000E+0	100,000000E+0	99,900000E+0	-3,438300E+0	99,365625E+0
20,200000E+0	0,000000E+0	100,000000E+0	99,900000E+0	-2,364019E+0	94,514063E+0
20,300000E+0	0,000000E+0	100,000000E+0	99,900000E+0	677,449320E-3	93,389063E+0
20,400000E+0	0,000000E+0	100,000000E+0	99,900000E+0	2,744835E+0	96,300000E+0
20,500000E+0	0,000000E+0	100,000000E+0	99,900000E+0	1,447329E+0	100,504688E+0
20,600000E+0	0,000000E+0	100,000000E+0	99,900000E+0	-1,486331E+0	100,307812E+0
20,700000E+0	0,000000E+0	100,000000E+0	99,900000E+0	-2,218160E+0	96,750000E+0
20,800000E+0	0,000000E+0	100,000000E+0	99,900000E+0	744,671073E-3	95,751563E+0
20,900000E+0	0,000000E+0	100,000000E+0	99,900000E+0	3,092359E+0	98,760937E+0
21,000000E+0	0,000000E+0	100,000000E+0	99,900000E+0	-46,769986E-3	101,081250E+0
21,100000E+0	0,000000E+0	100,000000E+0	99,900000E+0	-2,588514E+0	99,056250E+0
21,200000E+0	0,000000E+0	100,000000E+0	99,900000E+0	-1,434329E+0	95,765625E+0
21,300000E+0	0,000000E+0	100,000000E+0	99,900000E+0	1,336983E+0	95,793750E+0
21,400000E+0	0,000000E+0	100,000000E+0	99,900000E+0	3,190021E+0	99,435938E+0
21,500000E+0	0,000000E+0	100,000000E+0	99,900000E+0	-499,565643E-3	100,870312E+0
21,600000E+0	0,000000E+0	100,000000E+0	70,214311E+0	-2,426167E+0	98,254688E+0
21,700000E+0	0,000000E+0	100,000000E+0	99,900000E+0	412,367307E-3	96,735938E+0
21,800000E+0	0,000000E+0	100,000000E+0	98,407867E+0	2,328821E+0	99,168750E+0
21,900000E+0	0,000000E+0	100,000000E+0	99,900000E+0	-757,037702E-3	100,195312E+0
22,000000E+0	0,000000E+0	100,000000E+0	99,900000E+0	-2,615149E+0	97,396875E+0
22,100000E+0	0,000000E+0	100,000000E+0	99,900000E+0	904,481275E-3	96,651562E+0
22,200000E+0	0,000000E+0	100,000000E+0	99,900000E+0	2,633222E+0	99,604687E+0
22,300000E+0	0,000000E+0	100,000000E+0	99,900000E+0	-746,891020E-3	100,645313E+0
22,400000E+0	0,000000E+0	100,000000E+0	99,900000E+0	-1,710826E+0	98,001563E+0
22,500000E+0	0,000000E+0	100,000000E+0	99,900000E+0	1,273567E+0	97,804687E+0
22,600000E+0	0,000000E+0	100,000000E+0	99,900000E+0	2,850107E+0	101,404688E+0
22,700000E+0	0,000000E+0	100,000000E+0	99,900000E+0	-152,041802E-3	103,528125E+0
22,800000E+0	0,000000E+0	100,000000E+0	99,900000E+0	-2,503536E+0	101,334375E+0
22,900000E+0	0,000000E+0	100,000000E+0	99,900000E+0	-2,490852E+0	96,426563E+0
23,000000E+0	0,000000E+0	100,000000E+0	99,900000E+0	416,172312E-3	94,879688E+0
23,100000E+0	0,000000E+0	100,000000E+0	99,900000E+0	2,983282E+0	97,396875E+0
23,200000E+0	0,000000E+0	100,000000E+0	99,900000E+0	1,948321E+0	101,728125E+0
23,300000E+0	0,000000E+0	100,000000E+0	99,900000E+0	-1,043681E+0	102,360938E+0
23,400000E+0	0,000000E+0	100,000000E+0	99,900000E+0	-3,105995E+0	99,056250E+0
23,500000E+0	0,000000E+0	100,000000E+0	99,900000E+0	-111,455078E-3	96,525000E+0
23,600000E+0	0,000000E+0	100,000000E+0	62,251685E+0	2,450581E+0	98,367187E+0
23,700000E+0	0,000000E+0	100,000000E+0	99,900000E+0	862,626222E-3	101,460937E+0
23,800000E+0	0,000000E+0	100,000000E+0	99,900000E+0	-1,788194E+0	100,617187E+0
23,900000E+0	0,000000E+0	100,000000E+0	99,900000E+0	-1,948005E+0	96,989063E+0
24,000000E+0	0,000000E+0	100,000000E+0	99,900000E+0	885,456251E-3	96,370312E+0
24,100000E+0	0,000000E+0	100,000000E+0	99,900000E+0	3,242022E+0	99,646875E+0
24,200000E+0	0,000000E+0	100,000000E+0	99,900000E+0	128,260257E-3	102,192188E+0
24,300000E+0	0,000000E+0	100,000000E+0	76,622420E+0	-2,405874E+0	100,406250E+0
24,400000E+0	0,000000E+0	100,000000E+0	99,900000E+0	-745,622685E-3	97,481250E+0
24,500000E+0	0,000000E+0	100,000000E+0	99,900000E+0	1,906466E+0	98,493750E+0
24,600000E+0	0,000000E+0	100,000000E+0	99,900000E+0	1,808804E+0	102,150000E+0
24,700000E+0	0,000000E+0	100,000000E+0	99,900000E+0	-1,289739E+0	102,389063E+0
24,800000E+0	0,000000E+0	100,000000E+0	99,900000E+0	-3,157997E+0	98,817188E+0
24,900000E+0	0,000000E+0	100,000000E+0	99,900000E+0	-178,676840E-3	96,257812E+0
25,000000E+0	0,000000E+0	100,000000E+0	99,900000E+0	2,477216E+0	97,945312E+0
25,100000E+0	0,000000E+0	100,000000E+0	99,900000E+0	2,553317E+0	102,529688E+0
25,200000E+0	0,000000E+0	100,000000E+0	99,900000E+0	-664,449226E-3	103,682812E+0
25,300000E+0	0,000000E+0	100,000000E+0	99,900000E+0	-2,857402E+0	100,743750E+0
25,400000E+0	0,000000E+0	100,000000E+0	99,900000E+0	-2,427436E+0	95,807812E+0
25,500000E+0	0,000000E+0	100,000000E+0	99,900000E+0	563,299172E-3	94,514063E+0
25,600000E+0	0,000000E+0	100,000000E+0	99,900000E+0	3,065724E+0	97,242187E+0
25,700000E+0	0,000000E+0	100,000000E+0	99,900000E+0	4,667631E+0	103,260937E+0
25,800000E+0	0,000000E+0	100,000000E+0	99,900000E+0	1,221565E+0	107,507812E+0
25,900000E+0	0,000000E+0	100,000000E+0	99,900000E+0	-1,762828E+0	106,959375E+0
26,000000E+0	0,000000E+0	100,000000E+0	99,900000E+0	-3,957049E+0	102,740625E+0
26,100000E+0	0,000000E+0	100,000000E+0	99,900000E+0	-3,822605E+0	95,878125E+0
26,200000E+0	0,000000E+0	100,000000E+0	99,900000E+0	-929,531307E-3	92,067188E+0
26,300000E+0	0,000000E+0	100,000000E+0	99,900000E+0	1,995249E+0	92,967188E+0
26,400000E+0	0,000000E+0	100,000000E+0	99,900000E+0	4,275715E+0	97,509375E+0
26,500000E+0	0,000000E+0	100,000000E+0	99,900000E+0	5,786302E+0	104,864063E+0
26,600000E+0	0,000000E+0	100,000000E+0	99,900000E+0	1,789779E+0	110,643750E+0
26,700000E+0	0,000000E+0	100,000000E+0	99,900000E+0	-980,264722E-3	111,318750E+0
26,800000E+0	0,000000E+0	100,000000E+0	99,900000E+0	-3,229024E+0	108,028125E+0
26,900000E+0	0,000000E+0	100,000000E+0	99,900000E+0	-5,232996E+0	101,503125E+0
27,000000E+0	0,000000E+0	100,000000E+0	99,900000E+0	-4,493556E+0	93,318750E+0
27,100000E+0	0,000000E+0	100,000000E+0	99,900000E+0	-987,874734E-3	89,353125E+0
27,200000E+0	0,000000E+0	100,000000E+0	99,900000E+0	1,934369E+0	90,182812E+0
27,300000E+0	0,000000E+0	100,000000E+0	99,900000E+0	4,263032E+0	94,710937E+0
27,400000E+0	0,000000E+0	100,000000E+0	99,900000E+0	5,346190E+0	102,093750E+0
27,500000E+0	0,000000E+0	100,000000E+0	99,900000E+0	1,533575E+0	106,889063E+0
27,600000E+0	0,000000E+0	100,000000E+0	99,900000E+0	-1,473647E+0	106,776562E+0
27,700000E+0	0,000000E+0	100,000000E+0	99,900000E+0	-3,642502E+0	102,923438E+0
27,800000E+0	0,000000E+0	100,000000E+0	99,900000E+0	-3,437031E+0	96,651562E+0
27,900000E+0	0,000000E+0	100,000000E+0	99,900000E+0	-258,581955E-3	93,923438E+0
28,000000E+0	0,000000E+0	100,000000E+0	99,900000E+0	2,331358E+0	95,512500E+0
28,100000E+0	0,000000E+0	100,000000E+0	99,900000E+0	3,625059E+0	100,518750E+0
28,200000E+0	0,000000E+0	100,000000E+0	99,900000E+0	601,349222E-3	103,879688E+0
28,300000E+0	0,000000E+0	100,000000E+0	99,900000E+0	-2,138255E+0	102,628125E+0
28,400000E+0	0,000000E+0	100,000000E+0	99,900000E+0	-2,574563E+0	98,254688E+0
28,500000E+0	0,000000E+0	100,000000E+0	99,900000E+0	477,052393E-3	96,735938E+0
28,600000E+0	0,000000E+0	100,000000E+0	11,048403E+0	3,083480E+0	99,351562E+0
28,700000E+0	0,000000E+0	100,000000E+0	99,900000E+0	345,145551E-3	101,995312E+0
28,800000E+0	0,000000E+0	100,000000E+0	96,962038E+0	-2,242259E+0	100,448437E+0
28,900000E+0	0,000000E+0	100,000000E+0	99,900000E+0	-191,360191E-3	97,987500E+0
29,000000E+0	0,000000E+0	100,000000E+0	274,240109E-3	2,502583E+0	99,773437E+0
29,100000E+0	0,000000E+0	100,000000E+0	99,900000E+0	-145,700126E-3	101,742187E+0
29,200000E+0	0,000000E+0	100,000000E+0	4,307929E+0	-2,258747E+0	99,562500E+0
29,300000E+0	0,000000E+0	100,000000E+0	99,900000E+0	233,532068E-3	97,678125E+0
29,400000E+0	0,000000E+0	100,000000E+0	99,900000E+0	2,671272E+0	99,998438E+0
29,500000E+0	0,000000E+0	100,000000E+0	99,900000E+0	-344,828747E-3	101,728125E+0
29,600000E+0	0,000000E+0	100,000000E+0	99,900000E+0	-1,596676E+0	99,421875E+0
29,700000E+0	0,000000E+0	100,000000E+0	99,900000E+0	871,504567E-3	98,662500E+0
29,800000E+0	0,000000E+0	100,000000E+0	99,900000E+0	1,740314E+0	101,460937E+0
29,900000E+0	0,000000E+0	100,000000E+0	99,900000E+0	-1,235200E+0	101,601562E+0
30,000000E+0	0,000000E+0	100,000000E+0	99,900000E+0	-2,011422E+0	98,310938E+0
30,100000E+0	0,000000E+0	100,000000E+0	99,900000E+0	1,023705E+0	97,720313E+0
30,200000E+0	0,000000E+0	100,000000E+0	99,900000E+0	2,040909E+0	100,701563E+0
30,300000E+0	0,000000E+0	100,000000E+0	99,900000E+0	-878,797893E-3	101,404688E+0
30,400000E+0	0,000000E+0	100,000000E+0	99,900000E+0	-3,383761E+0	98,212500E+0
30,500000E+0	0,000000E+0	100,000000E+0	99,900000E+0	336,267206E-3	96,482813E+0
30,600000E+0	0,000000E+0	100,000000E+0	90,481837E+0	2,898304E+0	98,957813E+0
30,700000E+0	0,000000E+0	0,000000E+0	99,900000E+0	1,106147E+0	102,473438E+0
30,800000E+0	0,000000E+0	0,000000E+0	99,900000E+0	-1,767901E+0	101,812500E+0
30,900000E+0	0,000000E+0	0,000000E+0	99,900000E+0	-4,066126E+0	97,537500E+0
31,000000E+0	0,000000E+0	0,000000E+0	99,900000E+0	-6,101807E+0	90,182812E+0
31,100000E+0	0,000000E+0	0,000000E+0	99,900000E+0	-7,847041E+0	80,184375E+0
31,200000E+0	0,000000E+0	0,000000E+0	99,900000E+0	-3,906316E+0	71,606250E+0
31,300000E+0	0,000000E+0	0,000000E+0	99,900000E+0	-628,935838E-3	68,371875E+0
31,400000E+0	0,000000E+0	0,000000E+0	99,900000E+0	2,016811E+0	69,567188E+0
31,500000E+0	0,000000E+0	0,000000E+0	99,900000E+0	2,328821E+0	73,757812E+0
31,600000E+0	0,000000E+0	0,000000E+0	99,900000E+0	-773,526061E-3	74,657813E+0
31,700000E+0	0,000000E+0	0,000000E+0	99,900000E+0	-3,169412E+0	71,592188E+0
31,800000E+0	0,000000E+0	0,000000E+0	99,900000E+0	-5,191141E+0	65,362500E+0
31,900000E+0	0,000000E+0	0,000000E+0	99,900000E+0	-5,867165E+0	56,573438E+0
32,000000E+0	0,000000E+0	0,000000E+0	99,900000E+0	-2,172500E+0	50,821875E+0
32,100000E+0	0,000000E+0	0,000000E+0	99,900000E+0	846,137868E-3	49,893750E+0
32,200000E+0	0,000000E+0	0,000000E+0	51,271702E+0	2,786690E+0	52,973438E+0
32,300000E+0	0,000000E+0	0,000000E+0	99,900000E+0	487,199073E-3	56,010938E+0
32,400000E+0	0,000000E+0	0,000000E+0	99,900000E+0	-2,216892E+0	54,632812E+0
32,500000E+0	0,000000E+0	0,000000E+0	99,900000E+0	-4,496092E+0	49,823438E+0
32,600000E+0	0,000000E+0	0,000000E+0	99,900000E+0	-5,329390E+0	42,131250E+0
32,700000E+0	0,000000E+0	0,000000E+0	99,900000E+0	-1,798341E+0	37,153125E+0
32,800000E+0	0,000000E+0	0,000000E+0	99,900000E+0	1,257078E+0	36,942188E+0
32,900000E+0	0,000000E+0	0,000000E+0	97,772887E+0	4,245275E+0	40,500000E+0
33,000000E+0	0,000000E+0	0,000000E+0	99,900000E+0	-152,041802E-3	42,567188E+0
33,100000E+0	0,000000E+0	0,000000E+0	99,900000E+0	-2,636711E+0	40,429687E+0
33,200000E+0	0,000000E+0	0,000000E+0	99,900000E+0	-4,780200E+0	35,114063E+0
33,300000E+0	0,000000E+0	0,000000E+0	99,900000E+0	-743,086014E-3	31,415625E+0
33,400000E+0	0,000000E+0	0,000000E+0	3,693660E+0	733,256058E-3	32,287500E+0
33,500000E+0	0,000000E+0	0,000000E+0	99,900000E+0	-984,069728E-3	32,878125E+0
33,600000E+0	0,000000E+0	0,000000E+0	18,711187E+0	-2,871353E+0	29,643750E+0
33,700000E+0	0,000000E+0	0,000000E+0	99,900000E+0	-311,852032E-3	26,859375E+0
33,800000E+0	0,000000E+0	0,000000E+0	99,900000E+0	1,145465E+0	28,350000E+0
33,900000E+0	0,000000E+0	0,000000E+0	99,900000E+0	-1,568772E+0	28,068750E+0
34,000000E+0	0,000000E+0	0,000000E+0	99,900000E+0	-2,168695E+0	24,468750E+0
34,100000E+0	0,000000E+0	0,000000E+0	40,144226E+0	683,790995E-3	23,385938E+0
34,200000E+0	0,000000E+0	0,000000E+0	99,900000E+0	-334,682066E-3	24,454688E+0
34,300000E+0	0,000000E+0	0,000000E+0	1,813319E+0	-2,682371E+0	22,064063E+0
34,400000E+0	0,000000E+0	0,000000E+0	99,900000E+0	-663,180891E-3	18,942187E+0
34,500000E+0	0,000000E+0	0,000000E+0	6,340134E+0	1,996518E+0	20,109375E+0
34,600000E+0	0,000000E+0	0,000000E+0	99,900000E+0	-488,150626E-3	21,571875E+0
34,700000E+0	0,000000E+0	0,000000E+0	74,074665E+0	-2,854865E+0	18,885938E+0
34,800000E+0	0,000000E+0	0,000000E+0	99,900000E+0	-401,903831E-3	16,003125E+0
34,900000E+0	0,000000E+0	0,000000E+0	87,425380E+0	1,528502E+0	17,479688E+0
35,000000E+0	0,000000E+0	0,000000E+0	99,900000E+0	-1,155295E+0	17,887500E+0
35,100000E+0	0,000000E+0	0,000000E+0	99,900000E+0	-2,542854E+0	14,582813E+0
35,200000E+0	0,000000E+0	0,000000E+0	99,900000E+0	645,740946E-3	13,401563E+0
35,300000E+0	0,000000E+0	0,000000E+0	99,900000E+0	1,955931E+0	16,003125E+0
35,400000E+0	0,000000E+0	0,000000E+0	99,900000E+0	-1,138807E+0	16,439063E+0
35,500000E+0	0,000000E+0	0,000000E+0	73,939825E+0	-3,552450E+0	12,993750E+0
35,600000E+0	0,000000E+0	0,000000E+0	99,900000E+0	-410,782178E-3	10,110938E+0
35,700000E+0	0,000000E+0	0,000000E+0	7,088622E+0	2,293308E+0	11,573438E+0
35,800000E+0	0,000000E+0	0,000000E+0	99,900000E+0	-306,778692E-3	13,232812E+0
35,900000E+0	0,000000E+0	0,000000E+0	14,638511E+0	-2,625296E+0	10,940625E+0
36,000000E+0	0,000000E+0	0,000000E+0	99,900000E+0	328,657196E-3	9,351562E+0
36,100000E+0	0,000000E+0	0,000000E+0	99,900000E+0	938,726318E-3	11,264062E+0
36,200000E+0	0,000000E+0	0,000000E+0	72,509577E+0	-1,814829E+0	10,462500E+0
36,300000E+0	0,000000E+0	0,000000E+0	99,900000E+0	-992,948075E-3	7,495312E+0
36,400000E+0	0,000000E+0	0,000000E+0	99,900000E+0	1,487915E+0	7,776562E+0
36,500000E+0	0,000000E+0	0,000000E+0	99,900000E+0	1,500599E+0	10,856250E+0
36,600000E+0	0,000000E+0	0,000000E+0	99,900000E+0	-1,391205E+0	10,828125E+0
36,700000E+0	0,000000E+0	0,000000E+0	99,900000E+0	-3,386298E+0	7,073437E+0
36,800000E+0	0,000000E+0	0,000000E+0	99,900000E+0	58,501828E-3	4,837500E+0
36,900000E+0	0,000000E+0	0,000000E+0	73,391638E+0	2,535560E+0	6,960937E+0
37,000000E+0	0,000000E+0	0,000000E+0	99,900000E+0	-330,877060E-3	8,704688E+0
37,100000E+0	0,000000E+0	0,000000E+0	99,900000E+0	-2,887842E+0	6,314063E+0
37,200000E+0	0,000000E+0	0,000000E+0	99,900000E+0	327,388861E-3	4,500000E+0
37,300000E+0	0,000000E+0	0,000000E+0	99,900000E+0	2,557122E+0	6,932812E+0
37,400000E+0	0,000000E+0	0,000000E+0	99,900000E+0	-736,744337E-3	8,001563E+0
37,500000E+0	0,000000E+0	0,000000E+0	99,900000E+0	-2,090058E+0	5,104687E+0
37,600000E+0	0,000000E+0	0,000000E+0	99,900000E+0	525,249123E-3	3,684375E+0
37,700000E+0	0,000000E+0	0,000000E+0	99,900000E+0	1,650262E+0	6,060938E+0
37,800000E+0	0,000000E+0	0,000000E+0	99,900000E+0	-1,405157E+0	6,004688E+0
37,900000E+0	0,000000E+0	0,000000E+0	99,900000E+0	-2,325969E+0	2,235937E+0
38,000000E+0	0,000000E+0	0,000000E+0	99,900000E+0	-11,256603E-3	-14,062500E-3
38,100000E+0	0,000000E+0	0,000000E+0	99,900000E+0	2,600245E+0	1,954688E+0
38,200000E+0	0,000000E+0	0,000000E+0	99,900000E+0	3,101237E+0	7,256250E+0
38,300000E+0	0,000000E+0	0,000000E+0	99,900000E+0	236,068738E-3	10,068750E+0
38,400000E+0	0,000000E+0	0,000000E+0	99,900000E+0	-2,431241E+0	8,423438E+0
38,500000E+0	0,000000E+0	0,000000E+0	13,360637E+0	-3,104727E+0	3,332813E+0
38,600000E+0	0,000000E+0	0,000000E+0	99,900000E+0	-1,160368E+0	-703,125000E-3
38,700000E+0	0,000000E+0	0,000000E+0	99,900000E+0	1,585577E+0	-182,812500E-3
38,800000E+0	0,000000E+0	0,000000E+0	99,900000E+0	3,242022E+0	3,881250E+0
38,900000E+0	0,000000E+0	0,000000E+0	99,900000E+0	-237,020257E-3	5,864063E+0
39,000000E+0	0,000000E+0	0,000000E+0	66,212248E+0	-2,793985E+0	3,557813E+0
39,100000E+0	0,000000E+0	0,000000E+0	99,900000E+0	-900,359594E-3	253,125000E-3
39,200000E+0	0,000000E+0	0,000000E+0	99,900000E+0	1,673092E+0	829,687500E-3
39,300000E+0	0,000000E+0	0,000000E+0	99,900000E+0	3,649158E+0	5,090625E+0
39,400000E+0	0,000000E+0	0,000000E+0	99,900000E+0	109,235231E-3	7,706250E+0
39,500000E+0	0,000000E+0	0,000000E+0	99,900000E+0	-2,446461E+0	5,878125E+0
39,600000E+0	0,000000E+0	0,000000E+0	99,900000E+0	-3,477618E+0	928,125000E-3
39,700000E+0	0,000000E+0	0,000000E+0	99,900000E+0	-462,783921E-3	-2,095312E+0
39,800000E+0	0,000000E+0	0,000000E+0	99,900000E+0	2,307260E+0	-703,125000E-3
39,900000E+0	0,000000E+0	0,000000E+0	99,900000E+0	2,281893E+0	3,614063E+0
40,000000E+0	0,000000E+0	0,000000E+0	99,900000E+0	-809,039450E-3	4,528125E+0
40,100000E+0	0,000000E+0	0,000000E+0	98,150820E+0	-3,126289E+0	1,434375E+0
40,200000E+0	0,000000E+0	0,000000E+0	99,900000E+0	-42,964981E-3	-928,125000E-3
40,300000E+0	0,000000E+0	0,000000E+0	9,162290E+0	2,508925E+0	984,375000E-3
40,400000E+0	0,000000E+0	0,000000E+0	99,900000E+0	71,185178E-3	3,135938E+0
40,500000E+0	0,000000E+0	0,000000E+0	6,804130E+0	-1,430524E+0	1,265625E+0
40,600000E+0	0,000000E+0	0,000000E+0	99,900000E+0	-103,845067E-3	-464,062500E-3
40,700000E+0	0,000000E+0	0,000000E+0	99,900000E+0	2,340236E+0	1,321875E+0
40,800000E+0	0,000000E+0	0,000000E+0	99,900000E+0	-337,218736E-3	3,009375E+0
40,900000E+0	0,000000E+0	0,000000E+0	88,395688E+0	-2,277772E+0	689,062500E-3
41,000000E+0	0,000000E+0	0,000000E+0	99,900000E+0	731,987723E-3	-309,375000E-3
41,100000E+0	0,000000E+0	0,000000E+0	99,900000E+0	1,683239E+0	2,320312E+0
41,200000E+0	0,000000E+0	0,000000E+0	99,900000E+0	-1,298617E+0	2,320312E+0
41,300000E+0	0,000000E+0	0,000000E+0	99,900000E+0	-3,471276E+0	-1,350000E+0
41,400000E+0	0,000000E+0	0,000000E+0	99,900000E+0	45,818477E-3	-3,515625E+0
41,500000E+0	0,000000E+0	0,000000E+0	99,900000E+0	2,700443E+0	-1,490625E+0
41,600000E+0	0,000000E+0	0,000000E+0	99,900000E+0	4,077855E+0	3,853125E+0
41,700000E+0	0,000000E+0	0,000000E+0	99,900000E+0	366,707247E-3	6,806250E+0
41,800000E+0	0,000000E+0	0,000000E+0	99,900000E+0	-2,082448E+0	5,231250E+0
41,900000E+0	0,000000E+0	0,000000E+0	99,900000E+0	-3,878412E+0	253,125000E-3
42,000000E+0	0,000000E+0	0,000000E+0	99,900000E+0	-1,102025E+0	-3,740625E+0
42,100000E+0	0,000000E+0	0,000000E+0	99,900000E+0	1,797389E+0	-3,121875E+0
42,200000E+0	0,000000E+0	0,000000E+0	99,900000E+0	2,962989E+0	1,026563E+0
42,300000E+0	0,000000E+0	0,000000E+0	99,900000E+0	114,308571E-3	3,585937E+0
42,400000E+0	0,000000E+0	0,000000E+0	99,900000E+0	-2,533976E+0	1,743750E+0
42,500000E+0	0,000000E+0	0,000000E+0	99,900000E+0	-1,855416E+0	-2,362500E+0
42,600000E+0	0,000000E+0	0,000000E+0	99,900000E+0	1,113757E+0	-2,882812E+0
42,700000E+0	0,000000E+0	0,000000E+0	201,716538E-3	2,713127E+0	492,187500E-3
42,800000E+0	0,000000E+0	0,000000E+0	99,900000E+0	218,312047E-3	3,150000E+0
42,900000E+0	0,000000E+0	0,000000E+0	49,820033E+0	-2,429972E+0	1,406250E+0
43,000000E+0	0,000000E+0	0,000000E+0	99,900000E+0	-682,205920E-3	-1,575000E+0
43,100000E+0	0,000000E+0	0,000000E+0	86,772310E+0	2,099253E+0	-379,687500E-3
43,200000E+0	0,000000E+0	0,000000E+0	99,900000E+0	1,079511E+0	2,629688E+0
43,300000E+0	0,000000E+0	0,000000E+0	99,900000E+0	-1,689264E+0	2,095312E+0
43,400000E+0	0,000000E+0	0,000000E+0	99,900000E+0	-2,353872E+0	-1,532813E+0
43,500000E+0	0,000000E+0	0,000000E+0	99,900000E+0	752,281083E-3	-2,559375E+0
43,600000E+0	0,000000E+0	0,000000E+0	99,900000E+0	2,848839E+0	450,000000E-3
43,700000E+0	0,000000E+0	0,000000E+0	99,900000E+0	390,805612E-3	3,389063E+0
43,800000E+0	0,000000E+0	0,000000E+0	99,900000E+0	-2,319627E+0	1,870313E+0
43,900000E+0	0,000000E+0	0,000000E+0	99,900000E+0	-3,046384E+0	-2,390625E+0
44,000000E+0	0,000000E+0	0,000000E+0	99,900000E+0	-141,895121E-3	-4,865625E+0
44,100000E+0	0,000000E+0	0,000000E+0	99,900000E+0	2,550780E+0	-3,079687E+0
44,200000E+0	0,000000E+0	0,000000E+0	99,900000E+0	3,385344E+0	2,010938E+0
44,300000E+0	0,000000E+0	0,000000E+0	99,900000E+0	209,433701E-3	4,767188E+0
44,400000E+0	0,000000E+0	0,000000E+0	99,900000E+0	-2,356409E+0	3,051563E+0
44,500000E+0	0,000000E+0	0,000000E+0	99,900000E+0	-2,547928E+0	-1,420313E+0
44,600000E+0	0,000000E+0	0,000000E+0	99,900000E+0	697,742679E-3	-2,517187E+0
44,700000E+0	0,000000E+0	0,000000E+0	75,619210E+0	2,634490E+0	407,812500E-3
44,800000E+0	0,000000E+0	0,000000E+0	99,900000E+0	-103,845067E-3	2,559375E+0
44,900000E+0	0,000000E+0	0,000000E+0	39,577716E+0	-2,289187E+0	450,000000E-3
45,000000E+0	0,000000E+0	0,000000E+0	99,900000E+0	144,748613E-3	-1,560938E+0
45,100000E+0	0,000000E+0	0,000000E+0	92,283332E+0	2,229891E+0	660,937500E-3
45,200000E+0	0,000000E+0	0,000000E+0	99,900000E+0	-375,268792E-3	2,334375E+0
45,300000E+0	0,000000E+0	0,000000E+0	92,030787E+0	-2,020300E+0	-70,312500E-3
45,400000E+0	0,000000E+0	0,000000E+0	99,900000E+0	695,206010E-3	-1,195312E+0
45,500000E+0	0,000000E+0	0,000000E+0	99,900000E+0	1,680702E+0	1,265625E+0
45,600000E+0	0,000000E+0	0,000000E+0	99,900000E+0	-1,268177E+0	1,462500E+0
45,700000E+0	0,000000E+0	0,000000E+0	99,900000E+0	-2,173768E+0	-1,462500E+0
45,800000E+0	0,000000E+0	0,000000E+0	99,900000E+0	672,375980E-3	-2,517187E+0
45,900000E+0	0,000000E+0	0,000000E+0	23,109575E+0	2,548243E+0	407,812500E-3
46,000000E+0	0,000000E+0	0,000000E+0	99,900000E+0	21,720110E-3	2,728125E+0
46,100000E+0	0,000000E+0	0,000000E+0	57,524433E+0	-2,395727E+0	829,687500E-3
46,200000E+0	0,000000E+0	0,000000E+0	99,900000E+0	-395,562155E-3	-1,687500E+0
46,300000E+0	0,000000E+0	0,000000E+0	10,879037E+0	2,193109E+0	-168,750000E-3
46,400000E+0	0,000000E+0	0,000000E+0	99,900000E+0	427,587328E-3	2,559375E+0
46,500000E+0	0,000000E+0	0,000000E+0	99,900000E+0	-2,223234E+0	1,125000E+0
46,600000E+0	0,000000E+0	0,000000E+0	99,900000E+0	-1,417840E+0	-2,334375E+0
46,700000E+0	0,000000E+0	0,000000E+0	99,900000E+0	1,331910E+0	-2,221875E+0
46,800000E+0	0,000000E+0	0,000000E+0	99,900000E+0	2,653515E+0	1,476562E+0
46,900000E+0	0,000000E+0	0,000000E+0	99,900000E+0	-441,222223E-3	2,981250E+0
47,000000E+0	0,000000E+0	0,000000E+0	463,608597E-3	-2,389386E+0	379,687500E-3
47,100000E+0	0,000000E+0	0,000000E+0	99,900000E+0	10,305094E-3	-1,828125E+0
