0.000000E+0	0.000000E+0	0.000000E+0	100.000000E-3	-4.914927E-3	5.484375E+0
100.000000E-3	0.000000E+0	0.000000E+0	100.000000E-3	11.573429E-3	5.484375E+0
200.000000E-3	0.000000E+0	0.000000E+0	100.000000E-3	15.378434E-3	5.484375E+0
300.000000E-3	0.000000E+0	0.000000E+0	100.000000E-3	14.110099E-3	5.484375E+0
400.000000E-3	0.000000E+0	0.000000E+0	100.000000E-3	9.036759E-3	5.484375E+0
500.000000E-3	0.000000E+0	0.000000E+0	100.000000E-3	-4.914927E-3	5.484375E+0
600.000000E-3	0.000000E+0	0.000000E+0	100.000000E-3	14.110099E-3	5.484375E+0
700.000000E-3	0.000000E+0	0.000000E+0	100.000000E-3	-3.646592E-3	5.484375E+0
800.000000E-3	0.000000E+0	0.000000E+0	100.000000E-3	2.695083E-3	5.484375E+0
900.000000E-3	0.000000E+0	0.000000E+0	100.000000E-3	2.695083E-3	5.484375E+0
1.000000E+0	0.000000E+0	0.000000E+0	100.000000E-3	15.378434E-3	5.484375E+0
1.100000E+0	0.000000E+0	0.000000E+0	100.000000E-3	15.378434E-3	5.484375E+0
1.200000E+0	0.000000E+0	0.000000E+0	1.569763E+0	14.110099E-3	5.484375E+0
1.300000E+0	0.000000E+0	0.000000E+0	3.133331E+0	-2.378257E-3	5.484375E+0
1.400000E+0	0.000000E+0	0.000000E+0	4.684533E+0	9.036759E-3	5.498438E+0
1.500000E+0	0.000000E+0	0.000000E+0	6.217247E+0	-6.183263E-3	5.512500E+0
1.600000E+0	0.000000E+0	0.000000E+0	7.725425E+0	9.036759E-3	5.512500E+0
1.700000E+0	0.000000E+0	0.000000E+0	9.203114E+0	45.818477E-3	5.568750E+0
1.800000E+0	0.000000E+0	0.000000E+0	10.644482E+0	94.015210E-3	5.695312E+0
1.900000E+0	0.000000E+0	0.000000E+0	12.043842E+0	142.211943E-3	5.878125E+0
2.000000E+0	0.000000E+0	0.000000E+0	13.395670E+0	200.555356E-3	6.173438E+0
2.100000E+0	0.000000E+0	0.000000E+0	14.694631E+0	318.510515E-3	6.595313E+0
2.200000E+0	0.000000E+0	0.000000E+0	15.935600E+0	474.515723E-3	7.185938E+0
2.300000E+0	0.000000E+0	0.000000E+0	17.113678E+0	614.032572E-3	7.959375E+0
2.400000E+0	0.000000E+0	0.000000E+0	18.224216E+0	752.281083E-3	8.943750E+0
2.500000E+0	0.000000E+0	0.000000E+0	19.262831E+0	979.313035E-3	10.209375E+0
2.600000E+0	0.000000E+0	0.000000E+0	20.225425E+0	1.128977E+0	11.728125E+0
2.700000E+0	0.000000E+0	0.000000E+0	21.108198E+0	1.245663E+0	13.528125E+0
2.800000E+0	0.000000E+0	0.000000E+0	21.907667E+0	1.359813E+0	15.609375E+0
2.900000E+0	0.000000E+0	0.000000E+0	22.620676E+0	1.609675E+0	17.901563E+0
3.000000E+0	0.000000E+0	0.000000E+0	23.244412E+0	1.629969E+0	20.376563E+0
3.100000E+0	0.000000E+0	0.000000E+0	23.776413E+0	1.837976E+0	23.062500E+0
3.200000E+0	0.000000E+0	0.000000E+0	24.214579E+0	2.066276E+0	26.043750E+0
3.300000E+0	0.000000E+0	0.000000E+0	24.557181E+0	2.337700E+0	29.278125E+0
3.400000E+0	0.000000E+0	0.000000E+0	24.802868E+0	2.262868E+0	32.737500E+0
3.500000E+0	0.000000E+0	0.000000E+0	24.950668E+0	2.586293E+0	36.323438E+0
3.600000E+0	0.000000E+0	0.000000E+0	25.000000E+0	2.441703E+0	40.106250E+0
3.700000E+0	0.000000E+0	0.000000E+0	24.950668E+0	2.727078E+0	44.128125E+0
3.800000E+0	0.000000E+0	0.000000E+0	24.802868E+0	2.978209E+0	48.318750E+0
3.900000E+0	0.000000E+0	0.000000E+0	24.557181E+0	3.045430E+0	52.551563E+0
4.000000E+0	0.000000E+0	0.000000E+0	24.214579E+0	2.993429E+0	56.953125E+0
4.100000E+0	0.000000E+0	0.000000E+0	23.776413E+0	2.893230E+0	61.495313E+0
4.200000E+0	0.000000E+0	0.000000E+0	23.244412E+0	2.995965E+0	66.009375E+0
4.300000E+0	0.000000E+0	0.000000E+0	22.620676E+0	3.150702E+0	70.579688E+0
4.400000E+0	0.000000E+0	0.000000E+0	21.907667E+0	3.214119E+0	75.234375E+0
4.500000E+0	0.000000E+0	0.000000E+0	21.108198E+0	3.196362E+0	79.804687E+0
4.600000E+0	0.000000E+0	0.000000E+0	20.225425E+0	3.153239E+0	84.318750E+0
4.700000E+0	0.000000E+0	0.000000E+0	19.262831E+0	3.143092E+0	88.846875E+0
4.800000E+0	0.000000E+0	0.000000E+0	18.224216E+0	2.878010E+0	93.290625E+0
4.900000E+0	0.000000E+0	0.000000E+0	17.113678E+0	2.539365E+0	97.495312E+0
5.000000E+0	0.000000E+0	0.000000E+0	15.935600E+0	2.728347E+0	101.685938E+0
5.100000E+0	0.000000E+0	0.000000E+0	14.694631E+0	2.737225E+0	105.750000E+0
5.200000E+0	0.000000E+0	0.000000E+0	13.395670E+0	2.375750E+0	109.476562E+0
5.300000E+0	0.000000E+0	0.000000E+0	12.043842E+0	2.434093E+0	113.048438E+0
5.400000E+0	0.000000E+0	0.000000E+0	10.644482E+0	2.014274E+0	116.451563E+0
5.500000E+0	0.000000E+0	0.000000E+0	9.203114E+0	2.057398E+0	119.629688E+0
5.600000E+0	0.000000E+0	0.000000E+0	7.725425E+0	1.830366E+0	122.414062E+0
5.700000E+0	0.000000E+0	0.000000E+0	6.217247E+0	1.717484E+0	124.917187E+0
5.800000E+0	0.000000E+0	0.000000E+0	4.684533E+0	1.470159E+0	127.195312E+0
5.900000E+0	0.000000E+0	0.000000E+0	3.133331E+0	1.255810E+0	129.178125E+0
6.000000E+0	0.000000E+0	0.000000E+0	1.569763E+0	920.969629E-3	130.851562E+0
6.100000E+0	0.000000E+0	0.000000E+0	100.000000E-3	828.381179E-3	132.229688E+0
6.200000E+0	0.000000E+0	0.000000E+0	1.569763E+0	535.395803E-3	133.242187E+0
6.300000E+0	0.000000E+0	0.000000E+0	3.133331E+0	261.435439E-3	133.846875E+0
6.400000E+0	0.000000E+0	0.000000E+0	4.684533E+0	10.305094E-3	134.043750E+0
6.500000E+0	0.000000E+0	0.000000E+0	6.217247E+0	-115.260083E-3	133.931250E+0
6.600000E+0	0.000000E+0	0.000000E+0	7.725425E+0	-160.920148E-3	133.720313E+0
6.700000E+0	0.000000E+0	0.000000E+0	9.203114E+0	-191.360191E-3	133.439063E+0
6.800000E+0	0.000000E+0	0.000000E+0	10.644482E+0	-286.485329E-3	133.059375E+0
6.900000E+0	0.000000E+0	0.000000E+0	12.043842E+0	-403.172166E-3	132.539062E+0
7.000000E+0	0.000000E+0	0.000000E+0	13.395670E+0	-474.198938E-3	131.906250E+0
7.100000E+0	0.000000E+0	0.000000E+0	14.694631E+0	-475.467274E-3	131.189063E+0
7.200000E+0	0.000000E+0	0.000000E+0	15.935600E+0	-564.250740E-3	130.387500E+0
7.300000E+0	0.000000E+0	0.000000E+0	17.113678E+0	-726.597655E-3	129.445312E+0
7.400000E+0	0.000000E+0	0.000000E+0	18.224216E+0	-814.112791E-3	128.306250E+0
7.500000E+0	0.000000E+0	0.000000E+0	19.262831E+0	-1.022120E+0	126.928125E+0
7.600000E+0	0.000000E+0	0.000000E+0	20.225425E+0	-1.237737E+0	125.282813E+0
7.700000E+0	0.000000E+0	0.000000E+0	20.225425E+0	-1.271982E+0	123.454688E+0
7.800000E+0	0.000000E+0	0.000000E+0	21.108198E+0	-1.310032E+0	121.429687E+0
7.900000E+0	0.000000E+0	0.000000E+0	22.620676E+0	-1.572577E+0	119.081250E+0
8.000000E+0	0.000000E+0	0.000000E+0	23.244412E+0	-1.610627E+0	116.451563E+0
8.100000E+0	0.000000E+0	0.000000E+0	23.776413E+0	-2.020300E+0	113.610938E+0
8.200000E+0	0.000000E+0	0.000000E+0	24.214579E+0	-2.263820E+0	110.573437E+0
8.300000E+0	0.000000E+0	0.000000E+0	24.557181E+0	-2.163622E+0	107.339062E+0
8.400000E+0	0.000000E+0	0.000000E+0	24.802868E+0	-2.572026E+0	103.837500E+0
8.500000E+0	0.000000E+0	0.000000E+0	24.950668E+0	-2.547928E+0	100.110938E+0
8.600000E+0	0.000000E+0	0.000000E+0	25.000000E+0	-2.782570E+0	96.243750E+0
8.700000E+0	0.000000E+0	0.000000E+0	24.950668E+0	-2.636711E+0	92.235938E+0
8.800000E+0	0.000000E+0	0.000000E+0	24.802868E+0	-2.664614E+0	87.989063E+0
8.900000E+0	0.000000E+0	0.000000E+0	24.557181E+0	-2.941112E+0	83.643750E+0
9.000000E+0	0.000000E+0	0.000000E+0	24.214579E+0	-3.107264E+0	79.242187E+0
9.100000E+0	0.000000E+0	0.000000E+0	23.776413E+0	-3.241707E+0	74.671875E+0
9.200000E+0	0.000000E+0	0.000000E+0	23.244412E+0	-3.232829E+0	70.045313E+0
9.300000E+0	0.000000E+0	0.000000E+0	22.620676E+0	-3.192242E+0	65.489063E+0
9.400000E+0	0.000000E+0	0.000000E+0	21.907667E+0	-3.223951E+0	60.834375E+0
9.500000E+0	0.000000E+0	0.000000E+0	21.108198E+0	-3.064140E+0	56.207813E+0
9.600000E+0	0.000000E+0	0.000000E+0	20.225425E+0	-2.948722E+0	51.623438E+0
9.700000E+0	0.000000E+0	0.000000E+0	19.262831E+0	-2.915745E+0	47.123438E+0
9.800000E+0	0.000000E+0	0.000000E+0	18.224216E+0	-2.977893E+0	42.637500E+0
9.900000E+0	0.000000E+0	0.000000E+0	17.113678E+0	-3.052725E+0	38.320312E+0
10.000000E+0	0.000000E+0	0.000000E+0	15.935600E+0	-2.825693E+0	34.171875E+0
10.100000E+0	0.000000E+0	0.000000E+0	14.694631E+0	-2.343725E+0	30.107813E+0
10.200000E+0	0.000000E+0	0.000000E+0	13.395670E+0	-2.566953E+0	26.282813E+0
10.300000E+0	0.000000E+0	0.000000E+0	12.043842E+0	-2.312017E+0	22.682813E+0
10.400000E+0	0.000000E+0	0.000000E+0	10.644482E+0	-2.289187E+0	19.335937E+0
10.500000E+0	0.000000E+0	0.000000E+0	9.203114E+0	-1.955615E+0	16.143750E+0
10.600000E+0	0.000000E+0	0.000000E+0	7.725425E+0	-1.680386E+0	13.289062E+0
10.700000E+0	0.000000E+0	0.000000E+0	6.217247E+0	-1.495209E+0	10.729688E+0
10.800000E+0	0.000000E+0	0.000000E+0	4.684533E+0	-1.334130E+0	8.479688E+0
10.900000E+0	0.000000E+0	0.000000E+0	3.133331E+0	-1.115977E+0	6.623438E+0
11.000000E+0	0.000000E+0	0.000000E+0	1.569763E+0	-1.013241E+0	5.020313E+0
11.100000E+0	0.000000E+0	0.000000E+0	100.000000E-3	-745.622685E-3	3.698438E+0
11.200000E+0	0.000000E+0	0.000000E+0	1.569763E+0	-602.300798E-3	2.671875E+0
11.300000E+0	0.000000E+0	0.000000E+0	3.133331E+0	-299.168681E-3	2.010938E+0
11.400000E+0	0.000000E+0	0.000000E+0	4.684533E+0	-12.524938E-3	1.771875E+0
11.500000E+0	0.000000E+0	0.000000E+0	6.217247E+0	105.430226E-3	1.856250E+0
11.600000E+0	0.000000E+0	0.000000E+0	7.725425E+0	80.063524E-3	1.996875E+0
11.700000E+0	0.000000E+0	0.000000E+0	9.203114E+0	81.331859E-3	2.137500E+0
11.800000E+0	0.000000E+0	0.000000E+0	10.644482E+0	126.991922E-3	2.278125E+0
11.900000E+0	0.000000E+0	0.000000E+0	12.043842E+0	166.310309E-3	2.489063E+0
12.000000E+0	0.000000E+0	0.000000E+0	13.395670E+0	294.412150E-3	2.812500E+0
12.100000E+0	0.000000E+0	0.000000E+0	14.694631E+0	374.317257E-3	3.290625E+0
12.200000E+0	0.000000E+0	0.000000E+0	15.935600E+0	426.318992E-3	3.867187E+0
12.300000E+0	0.000000E+0	0.000000E+0	17.113678E+0	535.395803E-3	4.570312E+0
12.400000E+0	0.000000E+0	0.000000E+0	18.224216E+0	669.839310E-3	5.442188E+0
12.500000E+0	0.000000E+0	0.000000E+0	19.262831E+0	748.476078E-3	6.525000E+0
12.600000E+0	0.000000E+0	0.000000E+0	20.225425E+0	999.606394E-3	7.818750E+0
12.700000E+0	0.000000E+0	0.000000E+0	21.108198E+0	1.232980E+0	9.393750E+0
12.800000E+0	0.000000E+0	0.000000E+0	21.907667E+0	1.293860E+0	11.306250E+0
12.900000E+0	0.000000E+0	0.000000E+0	22.620676E+0	1.494257E+0	13.485938E+0
13.000000E+0	0.000000E+0	0.000000E+0	23.244412E+0	1.581772E+0	15.975000E+0
13.100000E+0	0.000000E+0	0.000000E+0	23.776413E+0	1.896319E+0	18.675000E+0
13.200000E+0	0.000000E+0	0.000000E+0	24.214579E+0	2.043446E+0	21.585937E+0
13.300000E+0	0.000000E+0	0.000000E+0	24.557181E+0	2.241306E+0	24.665625E+0
13.400000E+0	0.000000E+0	0.000000E+0	24.802868E+0	2.312333E+0	28.054687E+0
13.500000E+0	0.000000E+0	0.000000E+0	24.950668E+0	2.581220E+0	31.682813E+0
13.600000E+0	0.000000E+0	0.000000E+0	25.000000E+0	2.470875E+0	35.465625E+0
13.700000E+0	0.000000E+0	0.000000E+0	24.950668E+0	2.675077E+0	39.318750E+0
13.800000E+0	0.000000E+0	0.000000E+0	24.802868E+0	2.952842E+0	43.439062E+0
13.900000E+0	0.000000E+0	0.000000E+0	24.557181E+0	2.962989E+0	47.700000E+0
14.000000E+0	0.000000E+0	0.000000E+0	24.214579E+0	2.855180E+0	51.989063E+0
14.100000E+0	0.000000E+0	0.000000E+0	23.776413E+0	2.975672E+0	56.390625E+0
14.200000E+0	0.000000E+0	0.000000E+0	23.244412E+0	3.121531E+0	60.989063E+0
14.300000E+0	0.000000E+0	0.000000E+0	22.620676E+0	3.160849E+0	65.489063E+0
14.400000E+0	0.000000E+0	0.000000E+0	21.907667E+0	3.186216E+0	70.017188E+0
14.500000E+0	0.000000E+0	0.000000E+0	21.108198E+0	3.207777E+0	74.601562E+0
14.600000E+0	0.000000E+0	0.000000E+0	20.225425E+0	3.058114E+0	79.115625E+0
14.700000E+0	0.000000E+0	0.000000E+0	19.262831E+0	2.861522E+0	83.517188E+0
14.800000E+0	0.000000E+0	0.000000E+0	18.224216E+0	2.615465E+0	87.932812E+0
14.900000E+0	0.000000E+0	0.000000E+0	17.113678E+0	2.771470E+0	92.207813E+0
15.000000E+0	0.000000E+0	0.000000E+0	15.935600E+0	2.869132E+0	96.285938E+0
15.100000E+0	0.000000E+0	0.000000E+0	14.694631E+0	2.652247E+0	100.279688E+0
15.200000E+0	0.000000E+0	0.000000E+0	13.395670E+0	2.545707E+0	104.104687E+0
15.300000E+0	0.000000E+0	0.000000E+0	12.043842E+0	2.271746E+0	107.662500E+0
15.400000E+0	0.000000E+0	0.000000E+0	10.644482E+0	2.270478E+0	110.981250E+0
15.500000E+0	0.000000E+0	0.000000E+0	9.203114E+0	1.915344E+0	114.060938E+0
15.600000E+0	0.000000E+0	0.000000E+0	7.725425E+0	1.752997E+0	116.957813E+0
15.700000E+0	0.000000E+0	0.000000E+0	6.217247E+0	1.633774E+0	119.559375E+0
15.800000E+0	0.000000E+0	0.000000E+0	4.684533E+0	1.300202E+0	121.781250E+0
15.900000E+0	0.000000E+0	0.000000E+0	3.133331E+0	1.126440E+0	123.651562E+0
16.000000E+0	0.000000E+0	0.000000E+0	1.569763E+0	1.043998E+0	125.240625E+0
16.100000E+0	0.000000E+0	0.000000E+0	100.000000E-3	751.012748E-3	126.562500E+0
16.200000E+0	0.000000E+0	0.000000E+0	1.569763E+0	597.544217E-3	127.575000E+0
16.300000E+0	0.000000E+0	0.000000E+0	3.133331E+0	346.413886E-3	128.235938E+0
16.400000E+0	0.000000E+0	0.000000E+0	4.684533E+0	123.186917E-3	128.587500E+0
16.500000E+0	0.000000E+0	0.000000E+0	6.217247E+0	-27.744959E-3	128.601562E+0
16.600000E+0	0.000000E+0	0.000000E+0	7.725425E+0	-87.356710E-3	128.489063E+0
16.700000E+0	0.000000E+0	0.000000E+0	9.203114E+0	-129.211769E-3	128.320312E+0
16.800000E+0	0.000000E+0	0.000000E+0	10.644482E+0	-190.091856E-3	128.067188E+0
16.900000E+0	0.000000E+0	0.000000E+0	12.043842E+0	-328.340390E-3	127.687500E+0
17.000000E+0	0.000000E+0	0.000000E+0	13.395670E+0	-428.538871E-3	127.153125E+0
17.100000E+0	0.000000E+0	0.000000E+0	14.694631E+0	-503.370649E-3	126.450000E+0
17.200000E+0	0.000000E+0	0.000000E+0	15.935600E+0	-651.765873E-3	125.564063E+0
17.300000E+0	0.000000E+0	0.000000E+0	17.113678E+0	-793.819426E-3	124.509375E+0
17.400000E+0	0.000000E+0	0.000000E+0	18.224216E+0	-858.504528E-3	123.328125E+0
17.500000E+0	0.000000E+0	0.000000E+0	19.262831E+0	-998.021417E-3	121.950000E+0
17.600000E+0	0.000000E+0	0.000000E+0	20.225425E+0	-1.240273E+0	120.332813E+0
17.700000E+0	0.000000E+0	0.000000E+0	21.108198E+0	-1.449549E+0	118.420313E+0
17.800000E+0	0.000000E+0	0.000000E+0	21.907667E+0	-1.415304E+0	116.226562E+0
17.900000E+0	0.000000E+0	0.000000E+0	22.620676E+0	-1.615701E+0	113.892188E+0
18.000000E+0	0.000000E+0	0.000000E+0	23.244412E+0	-1.798341E+0	111.304687E+0
18.100000E+0	0.000000E+0	0.000000E+0	23.776413E+0	-2.045667E+0	108.492187E+0
18.200000E+0	0.000000E+0	0.000000E+0	24.214579E+0	-2.244795E+0	105.454688E+0
18.300000E+0	0.000000E+0	0.000000E+0	24.557181E+0	-1.987323E+0	102.121875E+0
18.400000E+0	0.000000E+0	0.000000E+0	24.802868E+0	-2.494657E+0	98.634375E+0
18.500000E+0	0.000000E+0	0.000000E+0	24.950668E+0	-2.395727E+0	94.964062E+0
18.600000E+0	0.000000E+0	0.000000E+0	25.000000E+0	-2.811741E+0	91.125000E+0
18.700000E+0	0.000000E+0	0.000000E+0	24.950668E+0	-2.796521E+0	87.018750E+0
18.800000E+0	0.000000E+0	0.000000E+0	24.802868E+0	-2.597393E+0	82.828125E+0
18.900000E+0	0.000000E+0	0.000000E+0	24.557181E+0	-2.810473E+0	78.539062E+0
19.000000E+0	0.000000E+0	0.000000E+0	24.214579E+0	-3.085702E+0	74.081250E+0
19.100000E+0	0.000000E+0	0.000000E+0	23.776413E+0	-3.133899E+0	69.553125E+0
19.200000E+0	0.000000E+0	0.000000E+0	23.244412E+0	-3.184632E+0	64.996875E+0
19.300000E+0	0.000000E+0	0.000000E+0	22.620676E+0	-3.281026E+0	60.398437E+0
19.400000E+0	0.000000E+0	0.000000E+0	21.907667E+0	-3.256927E+0	55.715625E+0
19.500000E+0	0.000000E+0	0.000000E+0	21.108198E+0	-3.182096E+0	51.075000E+0
19.600000E+0	0.000000E+0	0.000000E+0	20.225425E+0	-3.118679E+0	46.532812E+0
19.700000E+0	0.000000E+0	0.000000E+0	19.262831E+0	-2.908135E+0	41.976562E+0
19.800000E+0	0.000000E+0	0.000000E+0	18.224216E+0	-2.882768E+0	37.560938E+0
19.900000E+0	0.000000E+0	0.000000E+0	17.113678E+0	-2.963942E+0	33.257812E+0
20.000000E+0	0.000000E+0	0.000000E+0	15.935600E+0	-2.847255E+0	29.039062E+0
20.100000E+0	0.000000E+0	0.000000E+0	14.694631E+0	-2.522561E+0	25.031250E+0
20.200000E+0	0.000000E+0	0.000000E+0	13.395670E+0	-2.488316E+0	21.206250E+0
20.300000E+0	0.000000E+0	0.000000E+0	12.043842E+0	-2.476901E+0	17.606250E+0
20.400000E+0	0.000000E+0	0.000000E+0	10.644482E+0	-2.271430E+0	14.175000E+0
20.500000E+0	0.000000E+0	0.000000E+0	9.203114E+0	-1.817366E+0	11.053125E+0
20.600000E+0	0.000000E+0	0.000000E+0	7.725425E+0	-1.790731E+0	8.212500E+0
20.700000E+0	0.000000E+0	0.000000E+0	6.217247E+0	-1.599212E+0	5.695312E+0
20.800000E+0	0.000000E+0	0.000000E+0	4.684533E+0	-1.450817E+0	3.403125E+0
20.900000E+0	0.000000E+0	0.000000E+0	3.133331E+0	-1.048755E+0	1.392188E+0
21.000000E+0	0.000000E+0	0.000000E+0	1.569763E+0	-971.386374E-3	-196.875000E-3
21.100000E+0	0.000000E+0	0.000000E+0	100.000000E-3	-721.524314E-3	-1.406250E+0
21.200000E+0	0.000000E+0	0.000000E+0	1.569763E+0	-502.102313E-3	-2.320312E+0
21.300000E+0	0.000000E+0	0.000000E+0	3.133331E+0	-276.338647E-3	-2.896875E+0
21.400000E+0	0.000000E+0	0.000000E+0	4.684533E+0	-48.038321E-3	-3.150000E+0
21.500000E+0	0.000000E+0	0.000000E+0	6.217247E+0	67.380173E-3	-3.093750E+0
21.600000E+0	0.000000E+0	0.000000E+0	7.725425E+0	94.015210E-3	-2.967188E+0
21.700000E+0	0.000000E+0	0.000000E+0	9.203114E+0	99.088550E-3	-2.826563E+0
21.800000E+0	0.000000E+0	0.000000E+0	10.644482E+0	162.505304E-3	-2.629688E+0
21.900000E+0	0.000000E+0	0.000000E+0	12.043842E+0	234.800403E-3	-2.348438E+0
22.000000E+0	0.000000E+0	0.000000E+0	13.395670E+0	362.902242E-3	-1.898437E+0
22.100000E+0	0.000000E+0	0.000000E+0	14.694631E+0	473.247388E-3	-1.279688E+0
22.200000E+0	0.000000E+0	0.000000E+0	15.935600E+0	612.764237E-3	-450.000000E-3
22.300000E+0	0.000000E+0	0.000000E+0	17.113678E+0	753.549418E-3	562.500000E-3
22.400000E+0	0.000000E+0	0.000000E+0	18.224216E+0	837.259524E-3	1.771875E+0
22.500000E+0	0.000000E+0	0.000000E+0	19.262831E+0	1.052876E+0	3.178125E+0
22.600000E+0	0.000000E+0	0.000000E+0	20.225425E+0	1.177173E+0	4.767188E+0
22.700000E+0	0.000000E+0	0.000000E+0	21.108198E+0	1.177173E+0	6.553125E+0
22.800000E+0	0.000000E+0	0.000000E+0	21.907667E+0	1.349667E+0	8.521875E+0
22.900000E+0	0.000000E+0	0.000000E+0	22.620676E+0	1.500599E+0	10.800000E+0
23.000000E+0	0.000000E+0	0.000000E+0	23.244412E+0	1.613480E+0	13.331250E+0
23.100000E+0	0.000000E+0	0.000000E+0	23.776413E+0	1.848122E+0	16.157813E+0
23.200000E+0	0.000000E+0	0.000000E+0	24.214579E+0	2.205793E+0	19.223437E+0
23.300000E+0	0.000000E+0	0.000000E+0	24.557181E+0	2.292040E+0	22.373438E+0
23.400000E+0	0.000000E+0	0.000000E+0	24.802868E+0	2.245111E+0	25.790625E+0
23.500000E+0	0.000000E+0	0.000000E+0	24.950668E+0	2.567268E+0	29.446875E+0
23.600000E+0	0.000000E+0	0.000000E+0	25.000000E+0	2.702980E+0	33.314062E+0
23.700000E+0	0.000000E+0	0.000000E+0	24.950668E+0	2.662393E+0	37.251562E+0
23.800000E+0	0.000000E+0	0.000000E+0	24.802868E+0	2.984550E+0	41.343750E+0
23.900000E+0	0.000000E+0	0.000000E+0	24.557181E+0	3.045430E+0	45.660938E+0
24.000000E+0	0.000000E+0	0.000000E+0	24.214579E+0	2.869132E+0	50.020313E+0
24.100000E+0	0.000000E+0	0.000000E+0	23.776413E+0	2.768933E+0	54.407812E+0
24.200000E+0	0.000000E+0	0.000000E+0	23.244412E+0	2.718200E+0	58.964063E+0
24.300000E+0	0.000000E+0	0.000000E+0	22.620676E+0	2.919865E+0	63.548437E+0
24.400000E+0	0.000000E+0	0.000000E+0	21.907667E+0	3.074602E+0	68.062500E+0
24.500000E+0	0.000000E+0	0.000000E+0	21.108198E+0	3.141824E+0	72.660938E+0
24.600000E+0	0.000000E+0	0.000000E+0	20.225425E+0	3.158312E+0	77.203125E+0
24.700000E+0	0.000000E+0	0.000000E+0	19.262831E+0	3.135482E+0	81.604687E+0
24.800000E+0	0.000000E+0	0.000000E+0	18.224216E+0	2.969330E+0	85.978125E+0
24.900000E+0	0.000000E+0	0.000000E+0	17.113678E+0	2.668735E+0	90.295313E+0
25.000000E+0	0.000000E+0	0.000000E+0	15.935600E+0	2.795568E+0	94.387500E+0
25.100000E+0	0.000000E+0	0.000000E+0	14.694631E+0	2.663662E+0	98.310938E+0
25.200000E+0	0.000000E+0	0.000000E+0	13.395670E+0	2.193109E+0	102.150000E+0
25.300000E+0	0.000000E+0	0.000000E+0	12.043842E+0	2.417605E+0	105.707813E+0
25.400000E+0	0.000000E+0	0.000000E+0	10.644482E+0	2.151254E+0	108.998438E+0
25.500000E+0	0.000000E+0	0.000000E+0	9.203114E+0	1.839244E+0	112.078125E+0
25.600000E+0	0.000000E+0	0.000000E+0	7.725425E+0	1.900124E+0	114.904688E+0
25.700000E+0	0.000000E+0	0.000000E+0	6.217247E+0	1.671824E+0	117.492187E+0
25.800000E+0	0.000000E+0	0.000000E+0	4.684533E+0	1.420694E+0	119.742187E+0
25.900000E+0	0.000000E+0	0.000000E+0	3.133331E+0	1.040193E+0	121.626563E+0
26.000000E+0	0.000000E+0	0.000000E+0	1.569763E+0	959.019677E-3	123.159375E+0
26.100000E+0	0.000000E+0	0.000000E+0	100.000000E-3	772.574442E-3	124.382812E+0
26.200000E+0	0.000000E+0	0.000000E+0	1.569763E+0	578.519192E-3	125.381250E+0
26.300000E+0	0.000000E+0	0.000000E+0	3.133331E+0	332.462201E-3	126.042187E+0
26.400000E+0	0.000000E+0	0.000000E+0	4.684533E+0	116.845241E-3	126.379688E+0
26.500000E+0	0.000000E+0	0.000000E+0	6.217247E+0	-49.306656E-3	126.393750E+0
26.600000E+0	0.000000E+0	0.000000E+0	7.725425E+0	-93.698386E-3	126.253125E+0
26.700000E+0	0.000000E+0	0.000000E+0	9.203114E+0	-108.918407E-3	126.070312E+0
26.800000E+0	0.000000E+0	0.000000E+0	10.644482E+0	-168.530159E-3	125.831250E+0
26.900000E+0	0.000000E+0	0.000000E+0	12.043842E+0	-266.191966E-3	125.493750E+0
27.000000E+0	0.000000E+0	0.000000E+0	13.395670E+0	-375.268792E-3	125.029688E+0
27.100000E+0	0.000000E+0	0.000000E+0	14.694631E+0	-441.222223E-3	124.467188E+0
27.200000E+0	0.000000E+0	0.000000E+0	15.935600E+0	-475.467274E-3	123.792187E+0
27.300000E+0	0.000000E+0	0.000000E+0	17.113678E+0	-618.789156E-3	122.990625E+0
27.400000E+0	0.000000E+0	0.000000E+0	18.224216E+0	-782.404408E-3	121.964062E+0
27.500000E+0	0.000000E+0	0.000000E+0	19.262831E+0	-981.533057E-3	120.670313E+0
27.600000E+0	0.000000E+0	0.000000E+0	20.225425E+0	-1.091878E+0	119.095313E+0
27.700000E+0	0.000000E+0	0.000000E+0	21.108198E+0	-1.312569E+0	117.210937E+0
27.800000E+0	0.000000E+0	0.000000E+0	21.907667E+0	-1.516771E+0	115.129688E+0
27.900000E+0	0.000000E+0	0.000000E+0	22.620676E+0	-1.674044E+0	112.865625E+0
28.000000E+0	0.000000E+0	0.000000E+0	23.244412E+0	-1.899808E+0	110.320312E+0
28.100000E+0	0.000000E+0	0.000000E+0	23.776413E+0	-1.942931E+0	107.564063E+0
28.200000E+0	0.000000E+0	0.000000E+0	24.214579E+0	-2.000006E+0	104.540625E+0
28.300000E+0	0.000000E+0	0.000000E+0	24.557181E+0	-2.304407E+0	101.235938E+0
28.400000E+0	0.000000E+0	0.000000E+0	24.802868E+0	-2.312017E+0	97.776562E+0
28.500000E+0	0.000000E+0	0.000000E+0	24.950668E+0	-2.643053E+0	94.134375E+0
28.600000E+0	0.000000E+0	0.000000E+0	25.000000E+0	-2.546659E+0	90.267188E+0
28.700000E+0	0.000000E+0	0.000000E+0	24.950668E+0	-2.889110E+0	86.203125E+0
28.800000E+0	0.000000E+0	0.000000E+0	24.802868E+0	-2.982967E+0	81.984375E+0
28.900000E+0	0.000000E+0	0.000000E+0	24.557181E+0	-2.873890E+0	77.709375E+0
29.000000E+0	0.000000E+0	0.000000E+0	24.214579E+0	-2.697591E+0	73.265625E+0
29.100000E+0	0.000000E+0	0.000000E+0	23.776413E+0	-2.796521E+0	68.751563E+0
29.200000E+0	0.000000E+0	0.000000E+0	23.244412E+0	-2.981698E+0	64.209375E+0
29.300000E+0	0.000000E+0	0.000000E+0	22.620676E+0	-3.100922E+0	59.582813E+0
29.400000E+0	0.000000E+0	0.000000E+0	21.907667E+0	-3.133899E+0	54.928125E+0
29.500000E+0	0.000000E+0	0.000000E+0	21.108198E+0	-3.179559E+0	50.329687E+0
29.600000E+0	0.000000E+0	0.000000E+0	20.225425E+0	-3.226487E+0	45.689062E+0
29.700000E+0	0.000000E+0	0.000000E+0	19.262831E+0	-3.127557E+0	41.175000E+0
29.800000E+0	0.000000E+0	0.000000E+0	18.224216E+0	-3.019749E+0	36.773437E+0
29.900000E+0	0.000000E+0	0.000000E+0	17.113678E+0	-2.767350E+0	32.456250E+0
30.000000E+0	0.000000E+0	0.000000E+0	15.935600E+0	-2.799058E+0	28.237500E+0
30.100000E+0	0.000000E+0	0.000000E+0	14.694631E+0	-2.772423E+0	24.201563E+0
30.200000E+0	0.000000E+0	0.000000E+0	13.395670E+0	-2.261284E+0	20.432813E+0
30.300000E+0	0.000000E+0	0.000000E+0	12.043842E+0	-2.497194E+0	16.790625E+0
30.400000E+0	0.000000E+0	0.000000E+0	10.644482E+0	-2.053277E+0	13.387500E+0
30.500000E+0	0.000000E+0	0.000000E+0	9.203114E+0	-2.059618E+0	10.237500E+0
30.600000E+0	0.000000E+0	0.000000E+0	7.725425E+0	-1.863026E+0	7.453125E+0
30.700000E+0	0.000000E+0	0.000000E+0	6.217247E+0	-1.704484E+0	4.907813E+0
30.800000E+0	0.000000E+0	0.000000E+0	4.684533E+0	-1.509161E+0	2.601562E+0
30.900000E+0	0.000000E+0	0.000000E+0	3.133331E+0	-1.167978E+0	632.812500E-3
31.000000E+0	0.000000E+0	0.000000E+0	1.569763E+0	-880.066229E-3	-914.062500E-3
31.100000E+0	0.000000E+0	0.000000E+0	100.000000E-3	-746.891020E-3	-2.151563E+0
31.200000E+0	0.000000E+0	0.000000E+0	1.569763E+0	-488.150626E-3	-3.065625E+0
31.300000E+0	0.000000E+0	0.000000E+0	3.133331E+0	-244.630268E-3	-3.642187E+0
31.400000E+0	0.000000E+0	0.000000E+0	4.684533E+0	-46.769986E-3	-3.867187E+0
31.500000E+0	0.000000E+0	0.000000E+0	6.217247E+0	97.820215E-3	-3.810938E+0
31.600000E+0	0.000000E+0	0.000000E+0	7.725425E+0	97.820215E-3	-3.684375E+0
31.700000E+0	0.000000E+0	0.000000E+0	9.203114E+0	113.040236E-3	-3.515625E+0
31.800000E+0	0.000000E+0	0.000000E+0	10.644482E+0	128.260257E-3	-3.332813E+0
31.900000E+0	0.000000E+0	0.000000E+0	12.043842E+0	229.727062E-3	-3.037500E+0
32.000000E+0	0.000000E+0	0.000000E+0	13.395670E+0	317.242180E-3	-2.643750E+0
32.100000E+0	0.000000E+0	0.000000E+0	14.694631E+0	461.832373E-3	-2.081250E+0
32.200000E+0	0.000000E+0	0.000000E+0	15.935600E+0	578.519192E-3	-1.321875E+0
32.300000E+0	0.000000E+0	0.000000E+0	17.113678E+0	763.696097E-3	-337.500000E-3
32.400000E+0	0.000000E+0	0.000000E+0	18.224216E+0	829.649514E-3	829.687500E-3
32.500000E+0	0.000000E+0	0.000000E+0	19.262831E+0	995.801389E-3	2.207813E+0
32.600000E+0	0.000000E+0	0.000000E+0	20.225425E+0	1.050340E+0	3.782812E+0
32.700000E+0	0.000000E+0	0.000000E+0	21.108198E+0	1.264688E+0	5.540625E+0
32.800000E+0	0.000000E+0	0.000000E+0	21.907667E+0	1.447329E+0	7.481250E+0
32.900000E+0	0.000000E+0	0.000000E+0	22.620676E+0	1.674361E+0	9.660938E+0
33.000000E+0	0.000000E+0	0.000000E+0	23.244412E+0	1.803731E+0	12.107812E+0
33.100000E+0	0.000000E+0	0.000000E+0	23.776413E+0	1.988908E+0	14.892188E+0
33.200000E+0	0.000000E+0	0.000000E+0	24.214579E+0	2.070081E+0	17.873438E+0
33.300000E+0	0.000000E+0	0.000000E+0	24.557181E+0	2.087838E+0	21.023437E+0
33.400000E+0	0.000000E+0	0.000000E+0	24.802868E+0	2.440435E+0	24.384375E+0
33.500000E+0	0.000000E+0	0.000000E+0	24.950668E+0	2.413800E+0	27.942187E+0
33.600000E+0	0.000000E+0	0.000000E+0	25.000000E+0	2.765128E+0	31.767188E+0
33.700000E+0	0.000000E+0	0.000000E+0	24.950668E+0	2.645905E+0	35.690625E+0
33.800000E+0	0.000000E+0	0.000000E+0	24.802868E+0	2.511461E+0	39.712500E+0
33.900000E+0	0.000000E+0	0.000000E+0	24.557181E+0	2.918597E+0	43.959375E+0
34.000000E+0	0.000000E+0	0.000000E+0	24.214579E+0	3.070797E+0	48.304687E+0
34.100000E+0	0.000000E+0	0.000000E+0	23.776413E+0	3.131677E+0	52.664062E+0
34.200000E+0	0.000000E+0	0.000000E+0	23.244412E+0	3.099969E+0	57.164062E+0
34.300000E+0	0.000000E+0	0.000000E+0	22.620676E+0	2.978209E+0	61.720312E+0
34.400000E+0	0.000000E+0	0.000000E+0	21.907667E+0	2.838692E+0	66.206250E+0
34.500000E+0	0.000000E+0	0.000000E+0	21.108198E+0	3.025137E+0	70.720313E+0
34.600000E+0	0.000000E+0	0.000000E+0	20.225425E+0	3.111384E+0	75.248438E+0
34.700000E+0	0.000000E+0	0.000000E+0	19.262831E+0	3.051772E+0	79.650000E+0
34.800000E+0	0.000000E+0	0.000000E+0	18.224216E+0	3.001039E+0	83.953125E+0
34.900000E+0	0.000000E+0	0.000000E+0	17.113678E+0	2.690297E+0	88.214062E+0
35.000000E+0	0.000000E+0	0.000000E+0	15.935600E+0	2.587562E+0	92.320312E+0
35.100000E+0	0.000000E+0	0.000000E+0	14.694631E+0	2.716932E+0	96.201563E+0
35.200000E+0	0.000000E+0	0.000000E+0	13.395670E+0	2.380823E+0	99.956250E+0
35.300000E+0	0.000000E+0	0.000000E+0	12.043842E+0	2.425215E+0	103.542187E+0
35.400000E+0	0.000000E+0	0.000000E+0	10.644482E+0	1.988908E+0	106.846875E+0
35.500000E+0	0.000000E+0	0.000000E+0	100.000000E-3	2.002859E+0	109.856250E+0
35.600000E+0	0.000000E+0	0.000000E+0	100.000000E-3	1.618554E+0	112.528125E+0
35.700000E+0	0.000000E+0	0.000000E+0	100.000000E-3	1.348398E+0	114.707813E+0
35.800000E+0	0.000000E+0	0.000000E+0	100.000000E-3	951.409667E-3	116.451563E+0
35.900000E+0	0.000000E+0	0.000000E+0	100.000000E-3	827.112844E-3	117.801563E+0
36.000000E+0	0.000000E+0	0.000000E+0	100.000000E-3	525.249123E-3	118.785938E+0
36.100000E+0	0.000000E+0	0.000000E+0	100.000000E-3	252.557093E-3	119.348438E+0
36.200000E+0	0.000000E+0	0.000000E+0	100.000000E-3	55.965157E-3	119.573437E+0
36.300000E+0	0.000000E+0	0.000000E+0	100.000000E-3	-35.354970E-3	119.545313E+0
36.400000E+0	0.000000E+0	0.000000E+0	100.000000E-3	-18.866614E-3	119.489063E+0
36.500000E+0	0.000000E+0	0.000000E+0	100.000000E-3	7.768424E-3	119.489063E+0
36.600000E+0	0.000000E+0	0.000000E+0	100.000000E-3	15.378434E-3	119.489063E+0
36.700000E+0	0.000000E+0	0.000000E+0	100.000000E-3	10.305094E-3	119.489063E+0
36.800000E+0	0.000000E+0	0.000000E+0	100.000000E-3	-4.914927E-3	119.489063E+0
36.900000E+0	0.000000E+0	0.000000E+0	100.000000E-3	-4.914927E-3	119.489063E+0
37.000000E+0	0.000000E+0	0.000000E+0	100.000000E-3	1.426748E-3	119.489063E+0
37.100000E+0	0.000000E+0	0.000000E+0	100.000000E-3	-4.914927E-3	119.489063E+0
37.200000E+0	0.000000E+0	0.000000E+0	100.000000E-3	-8.719933E-3	119.489063E+0
37.300000E+0	0.000000E+0	0.000000E+0	100.000000E-3	-4.914927E-3	119.489063E+0
37.400000E+0	0.000000E+0	0.000000E+0	100.000000E-3	10.305094E-3	119.489063E+0
37.500000E+0	0.000000E+0	0.000000E+0	100.000000E-3	-1.109922E-3	119.489063E+0
37.600000E+0	0.000000E+0	0.000000E+0	100.000000E-3	12.841764E-3	119.489063E+0
37.700000E+0	0.000000E+0	0.000000E+0	100.000000E-3	6.500088E-3	119.489063E+0
37.800000E+0	0.000000E+0	0.000000E+0	100.000000E-3	-3.646592E-3	119.489063E+0
37.900000E+0	0.000000E+0	0.000000E+0	100.000000E-3	6.500088E-3	119.489063E+0
38.000000E+0	0.000000E+0	0.000000E+0	100.000000E-3	6.500088E-3	119.489063E+0
38.100000E+0	0.000000E+0	0.000000E+0	100.000000E-3	9.036759E-3	119.489063E+0
38.200000E+0	0.000000E+0	0.000000E+0	100.000000E-3	-8.719933E-3	119.489063E+0
38.300000E+0	0.000000E+0	0.000000E+0	100.000000E-3	-4.914927E-3	119.489063E+0
38.400000E+0	0.000000E+0	0.000000E+0	100.000000E-3	10.305094E-3	119.489063E+0
38.500000E+0	0.000000E+0	0.000000E+0	100.000000E-3	-6.183263E-3	119.489063E+0
38.600000E+0	0.000000E+0	0.000000E+0	100.000000E-3	-3.646592E-3	119.489063E+0
38.700000E+0	0.000000E+0	0.000000E+0	833.333333E-3	-3.646592E-3	119.489063E+0
38.800000E+0	0.000000E+0	0.000000E+0	833.333333E-3	-1.109922E-3	119.489063E+0
38.900000E+0	0.000000E+0	0.000000E+0	833.333333E-3	11.573429E-3	119.489063E+0
39.000000E+0	0.000000E+0	0.000000E+0	833.333333E-3	-8.719933E-3	119.489063E+0
39.100000E+0	0.000000E+0	0.000000E+0	833.333333E-3	14.110099E-3	119.489063E+0
39.200000E+0	0.000000E+0	0.000000E+0	1.666667E+0	16.646769E-3	119.489063E+0
39.300000E+0	0.000000E+0	0.000000E+0	1.666667E+0	16.646769E-3	119.489063E+0
39.400000E+0	0.000000E+0	0.000000E+0	1.666667E+0	11.573429E-3	119.489063E+0
39.500000E+0	0.000000E+0	0.000000E+0	2.500000E+0	-7.451598E-3	119.489063E+0
39.600000E+0	0.000000E+0	0.000000E+0	2.500000E+0	14.110099E-3	119.489063E+0
39.700000E+0	0.000000E+0	0.000000E+0	2.500000E+0	6.500088E-3	119.503125E+0
39.800000E+0	0.000000E+0	0.000000E+0	2.500000E+0	15.378434E-3	119.503125E+0
39.900000E+0	0.000000E+0	0.000000E+0	3.333333E+0	-2.378257E-3	119.503125E+0
40.000000E+0	0.000000E+0	0.000000E+0	3.333333E+0	-1.109922E-3	119.503125E+0
40.100000E+0	0.000000E+0	0.000000E+0	3.333333E+0	-3.646592E-3	119.503125E+0
40.200000E+0	0.000000E+0	0.000000E+0	3.333333E+0	-7.451598E-3	119.503125E+0
40.300000E+0	0.000000E+0	0.000000E+0	3.333333E+0	9.036759E-3	119.503125E+0
40.400000E+0	0.000000E+0	0.000000E+0	3.333333E+0	14.110099E-3	119.503125E+0
40.500000E+0	0.000000E+0	0.000000E+0	3.333333E+0	11.573429E-3	119.503125E+0
40.600000E+0	0.000000E+0	0.000000E+0	3.333333E+0	-6.183263E-3	119.503125E+0
40.700000E+0	0.000000E+0	0.000000E+0	3.333333E+0	12.841764E-3	119.503125E+0
40.800000E+0	0.000000E+0	0.000000E+0	3.333333E+0	3.963418E-3	119.503125E+0
40.900000E+0	0.000000E+0	0.000000E+0	3.333333E+0	14.110099E-3	119.503125E+0
41.000000E+0	0.000000E+0	0.000000E+0	3.333333E+0	14.110099E-3	119.503125E+0
41.100000E+0	0.000000E+0	0.000000E+0	3.333333E+0	12.841764E-3	119.503125E+0
41.200000E+0	0.000000E+0	0.000000E+0	3.333333E+0	3.963418E-3	119.503125E+0
41.300000E+0	0.000000E+0	0.000000E+0	3.333333E+0	-2.378257E-3	119.503125E+0
41.400000E+0	0.000000E+0	0.000000E+0	3.333333E+0	14.110099E-3	119.503125E+0
41.500000E+0	0.000000E+0	0.000000E+0	3.333333E+0	15.378434E-3	119.503125E+0
41.600000E+0	0.000000E+0	0.000000E+0	3.333333E+0	10.305094E-3	119.503125E+0
41.700000E+0	0.000000E+0	0.000000E+0	3.333333E+0	11.573429E-3	119.503125E+0
41.800000E+0	0.000000E+0	0.000000E+0	3.333333E+0	3.963418E-3	119.503125E+0
41.900000E+0	0.000000E+0	0.000000E+0	3.333333E+0	-6.183263E-3	119.503125E+0
42.000000E+0	0.000000E+0	0.000000E+0	3.333333E+0	2.695083E-3	119.503125E+0
42.100000E+0	0.000000E+0	0.000000E+0	3.333333E+0	11.573429E-3	119.503125E+0
42.200000E+0	0.000000E+0	0.000000E+0	3.333333E+0	3.963418E-3	119.503125E+0
42.300000E+0	0.000000E+0	0.000000E+0	3.333333E+0	-6.183263E-3	119.503125E+0
42.400000E+0	0.000000E+0	0.000000E+0	3.333333E+0	-3.646592E-3	119.503125E+0
42.500000E+0	0.000000E+0	0.000000E+0	3.333333E+0	-6.183263E-3	119.503125E+0
42.600000E+0	0.000000E+0	0.000000E+0	3.333333E+0	11.573429E-3	119.503125E+0
42.700000E+0	0.000000E+0	0.000000E+0	3.333333E+0	-7.451598E-3	119.503125E+0
42.800000E+0	0.000000E+0	0.000000E+0	3.333333E+0	6.500088E-3	119.503125E+0
42.900000E+0	0.000000E+0	0.000000E+0	3.333333E+0	14.110099E-3	119.503125E+0
43.000000E+0	0.000000E+0	0.000000E+0	3.333333E+0	-2.378257E-3	119.503125E+0
43.100000E+0	0.000000E+0	0.000000E+0	3.333333E+0	-3.646592E-3	119.503125E+0
43.200000E+0	0.000000E+0	0.000000E+0	3.333333E+0	-6.183263E-3	119.503125E+0
43.300000E+0	0.000000E+0	0.000000E+0	3.333333E+0	-1.109922E-3	119.503125E+0
43.400000E+0	0.000000E+0	0.000000E+0	3.333333E+0	11.573429E-3	119.503125E+0
43.500000E+0	0.000000E+0	0.000000E+0	3.333333E+0	5.231753E-3	119.503125E+0
43.600000E+0	0.000000E+0	0.000000E+0	3.333333E+0	12.841764E-3	119.503125E+0
43.700000E+0	0.000000E+0	0.000000E+0	3.333333E+0	-7.451598E-3	119.503125E+0
43.800000E+0	0.000000E+0	0.000000E+0	3.333333E+0	158.412962E-6	119.503125E+0
43.900000E+0	0.000000E+0	0.000000E+0	3.333333E+0	14.110099E-3	119.503125E+0
44.000000E+0	0.000000E+0	0.000000E+0	3.333333E+0	-7.451598E-3	119.503125E+0
44.100000E+0	0.000000E+0	0.000000E+0	3.333333E+0	-7.451598E-3	119.503125E+0
44.200000E+0	0.000000E+0	0.000000E+0	3.333333E+0	-2.378257E-3	119.503125E+0
44.300000E+0	0.000000E+0	0.000000E+0	3.333333E+0	9.036759E-3	119.503125E+0
44.400000E+0	0.000000E+0	0.000000E+0	3.333333E+0	-2.378257E-3	119.503125E+0
44.500000E+0	0.000000E+0	0.000000E+0	3.333333E+0	1.426748E-3	119.503125E+0
44.600000E+0	0.000000E+0	0.000000E+0	3.333333E+0	-6.183263E-3	119.503125E+0
44.700000E+0	0.000000E+0	0.000000E+0	3.333333E+0	7.768424E-3	119.503125E+0
44.800000E+0	0.000000E+0	0.000000E+0	3.333333E+0	-6.183263E-3	119.503125E+0
44.900000E+0	0.000000E+0	0.000000E+0	3.333333E+0	158.412962E-6	119.503125E+0
45.000000E+0	0.000000E+0	0.000000E+0	3.333333E+0	5.231753E-3	119.503125E+0
45.100000E+0	0.000000E+0	0.000000E+0	3.333333E+0	-3.646592E-3	119.503125E+0
45.200000E+0	0.000000E+0	0.000000E+0	3.333333E+0	-6.183263E-3	119.503125E+0
45.300000E+0	0.000000E+0	0.000000E+0	3.333333E+0	12.841764E-3	119.503125E+0
45.400000E+0	0.000000E+0	0.000000E+0	3.333333E+0	-6.183263E-3	119.503125E+0
45.500000E+0	0.000000E+0	0.000000E+0	3.333333E+0	-6.183263E-3	119.503125E+0
45.600000E+0	0.000000E+0	0.000000E+0	3.333333E+0	-4.914927E-3	119.503125E+0
45.700000E+0	0.000000E+0	0.000000E+0	3.333333E+0	15.378434E-3	119.503125E+0
45.800000E+0	0.000000E+0	0.000000E+0	4.166667E+0	7.768424E-3	119.503125E+0
45.900000E+0	0.000000E+0	0.000000E+0	4.166667E+0	-8.719933E-3	119.517188E+0
46.000000E+0	0.000000E+0	0.000000E+0	4.166667E+0	10.305094E-3	119.517188E+0
46.100000E+0	0.000000E+0	0.000000E+0	4.166667E+0	11.573429E-3	119.517188E+0
46.200000E+0	0.000000E+0	0.000000E+0	4.166667E+0	-7.451598E-3	119.517188E+0
46.300000E+0	0.000000E+0	0.000000E+0	4.166667E+0	-6.183263E-3	119.517188E+0
46.400000E+0	0.000000E+0	0.000000E+0	4.166667E+0	158.412962E-6	119.517188E+0
46.500000E+0	0.000000E+0	0.000000E+0	4.166667E+0	-2.378257E-3	119.517188E+0
46.600000E+0	0.000000E+0	0.000000E+0	4.166667E+0	3.963418E-3	119.517188E+0
46.700000E+0	0.000000E+0	0.000000E+0	4.166667E+0	-7.451598E-3	119.517188E+0
46.800000E+0	0.000000E+0	0.000000E+0	4.166667E+0	12.841764E-3	119.517188E+0
46.900000E+0	0.000000E+0	0.000000E+0	4.166667E+0	-1.109922E-3	119.517188E+0
47.000000E+0	0.000000E+0	0.000000E+0	4.166667E+0	-6.183263E-3	119.517188E+0
47.100000E+0	0.000000E+0	0.000000E+0	4.166667E+0	1.426748E-3	119.517188E+0
47.200000E+0	0.000000E+0	0.000000E+0	4.166667E+0	5.231753E-3	119.517188E+0
47.300000E+0	0.000000E+0	0.000000E+0	4.166667E+0	-6.183263E-3	119.517188E+0
47.400000E+0	0.000000E+0	0.000000E+0	4.166667E+0	1.426748E-3	119.517188E+0
47.500000E+0	0.000000E+0	0.000000E+0	4.166667E+0	9.036759E-3	119.517188E+0
47.600000E+0	0.000000E+0	0.000000E+0	4.166667E+0	12.841764E-3	119.517188E+0
47.700000E+0	0.000000E+0	0.000000E+0	4.166667E+0	7.768424E-3	119.517188E+0
47.800000E+0	0.000000E+0	0.000000E+0	4.166667E+0	-23.939954E-3	119.517188E+0
47.900000E+0	0.000000E+0	0.000000E+0	4.166667E+0	3.963418E-3	119.517188E+0
48.000000E+0	0.000000E+0	0.000000E+0	4.166667E+0	-4.914927E-3	119.517188E+0
48.100000E+0	0.000000E+0	0.000000E+0	4.166667E+0	15.378434E-3	119.517188E+0
48.200000E+0	0.000000E+0	0.000000E+0	5.000000E+0	15.378434E-3	119.517188E+0
48.300000E+0	0.000000E+0	0.000000E+0	5.000000E+0	17.915104E-3	119.517188E+0
48.400000E+0	0.000000E+0	0.000000E+0	5.000000E+0	-3.646592E-3	119.531250E+0
48.500000E+0	0.000000E+0	0.000000E+0	5.000000E+0	12.841764E-3	119.531250E+0
48.600000E+0	0.000000E+0	0.000000E+0	5.000000E+0	12.841764E-3	119.531250E+0
48.700000E+0	0.000000E+0	0.000000E+0	5.000000E+0	-4.914927E-3	119.531250E+0
48.800000E+0	0.000000E+0	0.000000E+0	5.000000E+0	-7.451598E-3	119.531250E+0
48.900000E+0	0.000000E+0	0.000000E+0	5.000000E+0	-1.109922E-3	119.531250E+0
49.000000E+0	0.000000E+0	0.000000E+0	5.000000E+0	-7.451598E-3	119.531250E+0
49.100000E+0	0.000000E+0	0.000000E+0	5.000000E+0	-8.719933E-3	119.531250E+0
49.200000E+0	0.000000E+0	0.000000E+0	5.000000E+0	-26.476624E-3	119.531250E+0
49.300000E+0	0.000000E+0	0.000000E+0	5.000000E+0	-1.109922E-3	119.531250E+0
49.400000E+0	0.000000E+0	0.000000E+0	5.000000E+0	-6.183263E-3	119.531250E+0
49.500000E+0	0.000000E+0	0.000000E+0	5.000000E+0	12.841764E-3	119.531250E+0
49.600000E+0	0.000000E+0	0.000000E+0	5.000000E+0	-7.451598E-3	119.531250E+0
49.700000E+0	0.000000E+0	0.000000E+0	5.000000E+0	12.841764E-3	119.531250E+0
49.800000E+0	0.000000E+0	0.000000E+0	5.000000E+0	-1.109922E-3	119.531250E+0
49.900000E+0	0.000000E+0	0.000000E+0	5.000000E+0	14.110099E-3	119.531250E+0
50.000000E+0	0.000000E+0	0.000000E+0	5.000000E+0	-7.451598E-3	119.531250E+0
50.100000E+0	0.000000E+0	0.000000E+0	5.000000E+0	-4.914927E-3	119.531250E+0
50.200000E+0	0.000000E+0	0.000000E+0	5.000000E+0	-6.183263E-3	119.531250E+0
50.300000E+0	0.000000E+0	0.000000E+0	5.000000E+0	-2.378257E-3	119.531250E+0
50.400000E+0	0.000000E+0	0.000000E+0	5.000000E+0	-4.914927E-3	119.531250E+0
50.500000E+0	0.000000E+0	0.000000E+0	5.000000E+0	12.841764E-3	119.531250E+0
50.600000E+0	0.000000E+0	0.000000E+0	5.000000E+0	12.841764E-3	119.531250E+0
50.700000E+0	0.000000E+0	0.000000E+0	5.000000E+0	10.305094E-3	119.531250E+0
50.800000E+0	0.000000E+0	0.000000E+0	5.000000E+0	-6.183263E-3	119.531250E+0
50.900000E+0	0.000000E+0	0.000000E+0	5.000000E+0	-7.451598E-3	119.531250E+0
51.000000E+0	0.000000E+0	0.000000E+0	5.000000E+0	-7.451598E-3	119.531250E+0
51.100000E+0	0.000000E+0	0.000000E+0	5.000000E+0	-6.183263E-3	119.531250E+0
51.200000E+0	0.000000E+0	0.000000E+0	5.000000E+0	-6.183263E-3	119.531250E+0
51.300000E+0	0.000000E+0	0.000000E+0	5.000000E+0	14.110099E-3	119.531250E+0
51.400000E+0	0.000000E+0	0.000000E+0	5.000000E+0	9.036759E-3	119.531250E+0
51.500000E+0	0.000000E+0	0.000000E+0	5.000000E+0	6.500088E-3	119.531250E+0
51.600000E+0	0.000000E+0	0.000000E+0	5.833333E+0	-1.109922E-3	119.531250E+0
51.700000E+0	0.000000E+0	0.000000E+0	5.833333E+0	9.036759E-3	119.531250E+0
51.800000E+0	0.000000E+0	0.000000E+0	5.833333E+0	15.378434E-3	119.531250E+0
51.900000E+0	0.000000E+0	0.000000E+0	5.833333E+0	-3.646592E-3	119.531250E+0
52.000000E+0	0.000000E+0	0.000000E+0	5.833333E+0	-6.183263E-3	119.531250E+0
52.100000E+0	0.000000E+0	0.000000E+0	5.833333E+0	14.110099E-3	119.531250E+0
52.200000E+0	0.000000E+0	0.000000E+0	5.833333E+0	158.412962E-6	119.531250E+0
52.300000E+0	0.000000E+0	0.000000E+0	5.833333E+0	-6.183263E-3	119.531250E+0
52.400000E+0	0.000000E+0	0.000000E+0	5.833333E+0	158.412962E-6	119.531250E+0
52.500000E+0	0.000000E+0	0.000000E+0	5.833333E+0	14.110099E-3	119.531250E+0
52.600000E+0	0.000000E+0	0.000000E+0	5.833333E+0	10.305094E-3	119.531250E+0
52.700000E+0	0.000000E+0	0.000000E+0	5.833333E+0	5.231753E-3	119.531250E+0
52.800000E+0	0.000000E+0	0.000000E+0	5.833333E+0	10.305094E-3	119.531250E+0
52.900000E+0	0.000000E+0	0.000000E+0	5.833333E+0	12.841764E-3	119.531250E+0
53.000000E+0	0.000000E+0	0.000000E+0	5.833333E+0	-3.646592E-3	119.531250E+0
53.100000E+0	0.000000E+0	0.000000E+0	5.833333E+0	-6.183263E-3	119.531250E+0
53.200000E+0	0.000000E+0	0.000000E+0	5.833333E+0	-7.451598E-3	119.531250E+0
53.300000E+0	0.000000E+0	0.000000E+0	5.833333E+0	-6.183263E-3	119.531250E+0
53.400000E+0	0.000000E+0	0.000000E+0	5.833333E+0	11.573429E-3	119.531250E+0
53.500000E+0	0.000000E+0	0.000000E+0	5.833333E+0	11.573429E-3	119.531250E+0
53.600000E+0	0.000000E+0	0.000000E+0	5.833333E+0	-6.183263E-3	119.531250E+0
53.700000E+0	0.000000E+0	0.000000E+0	5.833333E+0	-6.183263E-3	119.531250E+0
53.800000E+0	0.000000E+0	0.000000E+0	5.833333E+0	3.963418E-3	119.531250E+0
53.900000E+0	0.000000E+0	0.000000E+0	6.666667E+0	-3.646592E-3	119.531250E+0
54.000000E+0	0.000000E+0	0.000000E+0	6.666667E+0	-2.378257E-3	119.531250E+0
54.100000E+0	0.000000E+0	0.000000E+0	6.666667E+0	12.841764E-3	119.531250E+0
54.200000E+0	0.000000E+0	0.000000E+0	6.666667E+0	-4.914927E-3	119.531250E+0
54.300000E+0	0.000000E+0	0.000000E+0	6.666667E+0	12.841764E-3	119.531250E+0
54.400000E+0	0.000000E+0	0.000000E+0	6.666667E+0	-2.378257E-3	119.531250E+0
54.500000E+0	0.000000E+0	0.000000E+0	6.666667E+0	2.695083E-3	119.531250E+0
54.600000E+0	0.000000E+0	0.000000E+0	6.666667E+0	-1.109922E-3	119.531250E+0
54.700000E+0	0.000000E+0	0.000000E+0	6.666667E+0	-8.719933E-3	119.531250E+0
54.800000E+0	0.000000E+0	0.000000E+0	6.666667E+0	10.305094E-3	119.531250E+0
54.900000E+0	0.000000E+0	0.000000E+0	6.666667E+0	3.963418E-3	119.531250E+0
55.000000E+0	0.000000E+0	0.000000E+0	6.666667E+0	15.378434E-3	119.531250E+0
55.100000E+0	0.000000E+0	0.000000E+0	6.666667E+0	1.426748E-3	119.531250E+0
55.200000E+0	0.000000E+0	0.000000E+0	6.666667E+0	-6.183263E-3	119.531250E+0
55.300000E+0	0.000000E+0	0.000000E+0	6.666667E+0	-6.183263E-3	119.531250E+0
55.400000E+0	0.000000E+0	0.000000E+0	6.666667E+0	10.305094E-3	119.531250E+0
55.500000E+0	0.000000E+0	0.000000E+0	6.666667E+0	14.110099E-3	119.531250E+0
55.600000E+0	0.000000E+0	0.000000E+0	6.666667E+0	-21.403284E-3	119.531250E+0
55.700000E+0	0.000000E+0	0.000000E+0	6.666667E+0	7.768424E-3	119.531250E+0
55.800000E+0	0.000000E+0	0.000000E+0	6.666667E+0	12.841764E-3	119.531250E+0
55.900000E+0	0.000000E+0	0.000000E+0	6.666667E+0	1.426748E-3	119.531250E+0
56.000000E+0	0.000000E+0	0.000000E+0	6.666667E+0	15.378434E-3	119.531250E+0
56.100000E+0	0.000000E+0	0.000000E+0	6.666667E+0	158.412962E-6	119.531250E+0
56.200000E+0	0.000000E+0	0.000000E+0	7.500000E+0	-3.646592E-3	119.545313E+0
56.300000E+0	0.000000E+0	0.000000E+0	7.500000E+0	7.768424E-3	119.545313E+0
56.400000E+0	0.000000E+0	0.000000E+0	7.500000E+0	11.573429E-3	119.545313E+0
56.500000E+0	0.000000E+0	0.000000E+0	7.500000E+0	-7.451598E-3	119.545313E+0
56.600000E+0	0.000000E+0	0.000000E+0	7.500000E+0	2.695083E-3	119.545313E+0
56.700000E+0	0.000000E+0	0.000000E+0	7.500000E+0	11.573429E-3	119.545313E+0
56.800000E+0	0.000000E+0	0.000000E+0	7.500000E+0	-3.646592E-3	119.545313E+0
56.900000E+0	0.000000E+0	0.000000E+0	7.500000E+0	-7.451598E-3	119.545313E+0
57.000000E+0	0.000000E+0	0.000000E+0	7.500000E+0	-4.914927E-3	119.545313E+0
57.100000E+0	0.000000E+0	0.000000E+0	7.500000E+0	1.426748E-3	119.545313E+0
57.200000E+0	0.000000E+0	0.000000E+0	7.500000E+0	12.841764E-3	119.545313E+0
57.300000E+0	0.000000E+0	0.000000E+0	7.500000E+0	-3.646592E-3	119.545313E+0
57.400000E+0	0.000000E+0	0.000000E+0	7.500000E+0	-6.183263E-3	119.545313E+0
57.500000E+0	0.000000E+0	0.000000E+0	7.500000E+0	-7.451598E-3	119.545313E+0
57.600000E+0	0.000000E+0	0.000000E+0	7.500000E+0	-6.183263E-3	119.545313E+0
57.700000E+0	0.000000E+0	0.000000E+0	7.500000E+0	12.841764E-3	119.545313E+0
57.800000E+0	0.000000E+0	0.000000E+0	7.500000E+0	7.768424E-3	119.545313E+0
57.900000E+0	0.000000E+0	0.000000E+0	7.500000E+0	-8.719933E-3	119.545313E+0
58.000000E+0	0.000000E+0	0.000000E+0	7.500000E+0	7.768424E-3	119.545313E+0
58.100000E+0	0.000000E+0	0.000000E+0	7.500000E+0	-3.646592E-3	119.545313E+0
58.200000E+0	0.000000E+0	0.000000E+0	7.500000E+0	14.110099E-3	119.545313E+0
58.300000E+0	0.000000E+0	0.000000E+0	7.500000E+0	9.036759E-3	119.545313E+0
58.400000E+0	0.000000E+0	0.000000E+0	7.500000E+0	-7.451598E-3	119.545313E+0
58.500000E+0	0.000000E+0	0.000000E+0	7.500000E+0	7.768424E-3	119.545313E+0
58.600000E+0	0.000000E+0	0.000000E+0	7.500000E+0	10.305094E-3	119.545313E+0
58.700000E+0	0.000000E+0	0.000000E+0	7.500000E+0	-1.109922E-3	119.545313E+0
58.800000E+0	0.000000E+0	0.000000E+0	7.500000E+0	-9.988268E-3	119.545313E+0
58.900000E+0	0.000000E+0	0.000000E+0	7.500000E+0	10.305094E-3	119.545313E+0
59.000000E+0	0.000000E+0	0.000000E+0	7.500000E+0	-7.451598E-3	119.545313E+0
59.100000E+0	0.000000E+0	0.000000E+0	7.500000E+0	3.963418E-3	119.545313E+0
59.200000E+0	0.000000E+0	0.000000E+0	7.500000E+0	-7.451598E-3	119.545313E+0
59.300000E+0	0.000000E+0	0.000000E+0	7.500000E+0	14.110099E-3	119.545313E+0
59.400000E+0	0.000000E+0	0.000000E+0	7.500000E+0	-3.646592E-3	119.545313E+0
59.500000E+0	0.000000E+0	0.000000E+0	7.500000E+0	-6.183263E-3	119.545313E+0
59.600000E+0	0.000000E+0	0.000000E+0	7.500000E+0	-7.451598E-3	119.545313E+0
59.700000E+0	0.000000E+0	0.000000E+0	7.500000E+0	14.110099E-3	119.545313E+0
59.800000E+0	0.000000E+0	0.000000E+0	7.500000E+0	2.695083E-3	119.545313E+0
59.900000E+0	0.000000E+0	0.000000E+0	7.500000E+0	-6.183263E-3	119.545313E+0
60.000000E+0	0.000000E+0	0.000000E+0	7.500000E+0	-2.378257E-3	119.545313E+0
60.100000E+0	0.000000E+0	0.000000E+0	7.500000E+0	6.500088E-3	119.545313E+0
60.200000E+0	0.000000E+0	0.000000E+0	7.500000E+0	10.305094E-3	119.545313E+0
60.300000E+0	0.000000E+0	0.000000E+0	7.500000E+0	3.963418E-3	119.545313E+0
60.400000E+0	0.000000E+0	0.000000E+0	7.500000E+0	-2.378257E-3	119.545313E+0
60.500000E+0	0.000000E+0	0.000000E+0	7.500000E+0	-7.451598E-3	119.545313E+0
60.600000E+0	0.000000E+0	0.000000E+0	8.333333E+0	16.646769E-3	119.545313E+0
60.700000E+0	0.000000E+0	0.000000E+0	8.333333E+0	2.695083E-3	119.545313E+0
60.800000E+0	0.000000E+0	0.000000E+0	8.333333E+0	-4.914927E-3	119.545313E+0
60.900000E+0	0.000000E+0	0.000000E+0	8.333333E+0	7.768424E-3	119.545313E+0
61.000000E+0	0.000000E+0	0.000000E+0	8.333333E+0	-6.183263E-3	119.545313E+0
61.100000E+0	0.000000E+0	0.000000E+0	8.333333E+0	11.573429E-3	119.545313E+0
61.200000E+0	0.000000E+0	0.000000E+0	8.333333E+0	9.036759E-3	119.545313E+0
61.300000E+0	0.000000E+0	0.000000E+0	8.333333E+0	-4.914927E-3	119.545313E+0
61.400000E+0	0.000000E+0	0.000000E+0	8.333333E+0	14.110099E-3	119.545313E+0
61.500000E+0	0.000000E+0	0.000000E+0	8.333333E+0	-6.183263E-3	119.545313E+0
61.600000E+0	0.000000E+0	0.000000E+0	8.333333E+0	-3.646592E-3	119.545313E+0
61.700000E+0	0.000000E+0	0.000000E+0	8.333333E+0	2.695083E-3	119.545313E+0
61.800000E+0	0.000000E+0	0.000000E+0	8.333333E+0	-3.646592E-3	119.545313E+0
61.900000E+0	0.000000E+0	0.000000E+0	8.333333E+0	6.500088E-3	119.545313E+0
62.000000E+0	0.000000E+0	0.000000E+0	8.333333E+0	-11.256603E-3	119.545313E+0
62.100000E+0	0.000000E+0	0.000000E+0	8.333333E+0	12.841764E-3	119.545313E+0
62.200000E+0	0.000000E+0	0.000000E+0	8.333333E+0	158.412962E-6	119.545313E+0
62.300000E+0	0.000000E+0	0.000000E+0	8.333333E+0	-8.719933E-3	119.545313E+0
62.400000E+0	0.000000E+0	0.000000E+0	8.333333E+0	14.110099E-3	119.545313E+0
62.500000E+0	0.000000E+0	0.000000E+0	8.333333E+0	14.110099E-3	119.545313E+0
62.600000E+0	0.000000E+0	0.000000E+0	8.333333E+0	-4.914927E-3	119.545313E+0
62.700000E+0	0.000000E+0	0.000000E+0	8.333333E+0	11.573429E-3	119.545313E+0
62.800000E+0	0.000000E+0	0.000000E+0	8.333333E+0	2.695083E-3	119.545313E+0
62.900000E+0	0.000000E+0	0.000000E+0	8.333333E+0	-2.378257E-3	119.545313E+0
63.000000E+0	0.000000E+0	0.000000E+0	8.333333E+0	3.963418E-3	119.545313E+0
63.100000E+0	0.000000E+0	0.000000E+0	8.333333E+0	-6.183263E-3	119.545313E+0
63.200000E+0	0.000000E+0	0.000000E+0	8.333333E+0	21.720110E-3	119.545313E+0
63.300000E+0	0.000000E+0	0.000000E+0	8.333333E+0	10.305094E-3	119.545313E+0
63.400000E+0	0.000000E+0	0.000000E+0	9.166667E+0	14.110099E-3	119.545313E+0
63.500000E+0	0.000000E+0	0.000000E+0	9.166667E+0	-8.719933E-3	119.545313E+0
63.600000E+0	0.000000E+0	0.000000E+0	9.166667E+0	6.500088E-3	119.545313E+0
63.700000E+0	0.000000E+0	0.000000E+0	9.166667E+0	14.110099E-3	119.545313E+0
63.800000E+0	0.000000E+0	0.000000E+0	9.166667E+0	5.231753E-3	119.545313E+0
63.900000E+0	0.000000E+0	0.000000E+0	9.166667E+0	-1.109922E-3	119.545313E+0
64.000000E+0	0.000000E+0	0.000000E+0	9.166667E+0	-7.451598E-3	119.545313E+0
64.100000E+0	0.000000E+0	0.000000E+0	9.166667E+0	-6.183263E-3	119.545313E+0
64.200000E+0	0.000000E+0	0.000000E+0	9.166667E+0	-8.719933E-3	119.545313E+0
64.300000E+0	0.000000E+0	0.000000E+0	9.166667E+0	-2.378257E-3	119.545313E+0
64.400000E+0	0.000000E+0	0.000000E+0	9.166667E+0	-2.378257E-3	119.545313E+0
64.500000E+0	0.000000E+0	0.000000E+0	9.166667E+0	12.841764E-3	119.545313E+0
64.600000E+0	0.000000E+0	0.000000E+0	9.166667E+0	-6.183263E-3	119.545313E+0
64.700000E+0	0.000000E+0	0.000000E+0	9.166667E+0	11.573429E-3	119.545313E+0
64.800000E+0	0.000000E+0	0.000000E+0	9.166667E+0	7.768424E-3	119.545313E+0
64.900000E+0	0.000000E+0	0.000000E+0	9.166667E+0	11.573429E-3	119.545313E+0
65.000000E+0	0.000000E+0	0.000000E+0	9.166667E+0	7.768424E-3	119.545313E+0
65.100000E+0	0.000000E+0	0.000000E+0	9.166667E+0	-6.183263E-3	119.545313E+0
65.200000E+0	0.000000E+0	0.000000E+0	9.166667E+0	-8.719933E-3	119.545313E+0
65.300000E+0	0.000000E+0	0.000000E+0	9.166667E+0	10.305094E-3	119.545313E+0
65.400000E+0	0.000000E+0	0.000000E+0	9.166667E+0	26.793450E-3	119.545313E+0
65.500000E+0	0.000000E+0	0.000000E+0	9.166667E+0	-11.256603E-3	119.545313E+0
65.600000E+0	0.000000E+0	0.000000E+0	9.166667E+0	-6.183263E-3	119.545313E+0
65.700000E+0	0.000000E+0	0.000000E+0	9.166667E+0	9.036759E-3	119.545313E+0
65.800000E+0	0.000000E+0	0.000000E+0	9.166667E+0	-8.719933E-3	119.545313E+0
65.900000E+0	0.000000E+0	0.000000E+0	9.166667E+0	-7.451598E-3	119.545313E+0
66.000000E+0	0.000000E+0	0.000000E+0	9.166667E+0	-7.451598E-3	119.545313E+0
66.100000E+0	0.000000E+0	0.000000E+0	9.166667E+0	2.695083E-3	119.545313E+0
66.200000E+0	0.000000E+0	0.000000E+0	9.166667E+0	-6.183263E-3	119.545313E+0
66.300000E+0	0.000000E+0	0.000000E+0	10.000000E+0	15.378434E-3	119.545313E+0
66.400000E+0	0.000000E+0	0.000000E+0	10.000000E+0	17.915104E-3	119.545313E+0
66.500000E+0	0.000000E+0	0.000000E+0	10.000000E+0	39.476801E-3	119.587500E+0
66.600000E+0	0.000000E+0	0.000000E+0	10.000000E+0	53.428487E-3	119.643750E+0
66.700000E+0	0.000000E+0	0.000000E+0	10.000000E+0	63.575168E-3	119.714062E+0
66.800000E+0	0.000000E+0	0.000000E+0	10.000000E+0	55.965157E-3	119.812500E+0
66.900000E+0	0.000000E+0	0.000000E+0	10.000000E+0	77.526854E-3	119.896875E+0
67.000000E+0	0.000000E+0	0.000000E+0	10.000000E+0	72.453514E-3	119.995312E+0
67.100000E+0	0.000000E+0	0.000000E+0	10.000000E+0	113.040236E-3	120.121875E+0
67.200000E+0	0.000000E+0	0.000000E+0	10.000000E+0	128.260257E-3	120.290625E+0
67.300000E+0	0.000000E+0	0.000000E+0	10.000000E+0	172.651985E-3	120.501563E+0
67.400000E+0	0.000000E+0	0.000000E+0	10.000000E+0	194.213681E-3	120.768750E+0
67.500000E+0	0.000000E+0	0.000000E+0	10.000000E+0	200.555356E-3	121.050000E+0
67.600000E+0	0.000000E+0	0.000000E+0	10.000000E+0	168.846979E-3	121.331250E+0
67.700000E+0	0.000000E+0	0.000000E+0	10.000000E+0	199.287021E-3	121.640625E+0
67.800000E+0	0.000000E+0	0.000000E+0	10.000000E+0	215.775377E-3	121.978125E+0
67.900000E+0	0.000000E+0	0.000000E+0	10.000000E+0	224.653722E-3	122.301563E+0
68.000000E+0	0.000000E+0	0.000000E+0	10.000000E+0	247.483753E-3	122.639063E+0
68.100000E+0	0.000000E+0	0.000000E+0	10.000000E+0	262.703774E-3	123.004688E+0
68.200000E+0	0.000000E+0	0.000000E+0	10.000000E+0	305.827165E-3	123.412500E+0
68.300000E+0	0.000000E+0	0.000000E+0	10.000000E+0	296.948820E-3	123.848438E+0
68.400000E+0	0.000000E+0	0.000000E+0	10.000000E+0	387.000607E-3	124.368750E+0
68.500000E+0	0.000000E+0	0.000000E+0	10.000000E+0	430.123998E-3	124.945312E+0
68.600000E+0	0.000000E+0	0.000000E+0	10.000000E+0	445.344018E-3	125.578125E+0
68.700000E+0	0.000000E+0	0.000000E+0	10.000000E+0	400.952292E-3	126.239063E+0
68.800000E+0	0.000000E+0	0.000000E+0	10.000000E+0	452.954028E-3	126.914062E+0
68.900000E+0	0.000000E+0	0.000000E+0	10.000000E+0	479.589063E-3	127.575000E+0
69.000000E+0	0.000000E+0	0.000000E+0	10.000000E+0	491.004078E-3	128.278125E+0
69.100000E+0	0.000000E+0	0.000000E+0	10.000000E+0	507.492433E-3	129.023437E+0
69.200000E+0	0.000000E+0	0.000000E+0	10.000000E+0	510.029103E-3	129.754688E+0
69.300000E+0	0.000000E+0	0.000000E+0	10.000000E+0	484.662403E-3	130.500000E+0
69.400000E+0	0.000000E+0	0.000000E+0	10.000000E+0	444.075683E-3	131.217187E+0
69.500000E+0	0.000000E+0	0.000000E+0	10.000000E+0	488.467408E-3	131.934375E+0
69.600000E+0	0.000000E+0	0.000000E+0	10.000000E+0	498.614088E-3	132.665625E+0
69.700000E+0	0.000000E+0	0.000000E+0	10.000000E+0	416.172312E-3	133.340625E+0
69.800000E+0	0.000000E+0	0.000000E+0	10.000000E+0	379.390597E-3	133.945312E+0
69.900000E+0	0.000000E+0	0.000000E+0	10.000000E+0	366.707247E-3	134.493750E+0
70.000000E+0	0.000000E+0	0.000000E+0	10.000000E+0	365.438912E-3	135.014062E+0
70.100000E+0	0.000000E+0	0.000000E+0	10.000000E+0	323.583856E-3	135.520313E+0
70.200000E+0	0.000000E+0	0.000000E+0	10.000000E+0	315.973845E-3	136.026563E+0
70.300000E+0	0.000000E+0	0.000000E+0	10.000000E+0	333.730536E-3	136.518750E+0
70.400000E+0	0.000000E+0	0.000000E+0	10.000000E+0	324.852191E-3	136.996875E+0
70.500000E+0	0.000000E+0	0.000000E+0	10.000000E+0	364.170577E-3	137.475000E+0
70.600000E+0	0.000000E+0	0.000000E+0	10.000000E+0	361.633907E-3	137.981250E+0
70.700000E+0	0.000000E+0	0.000000E+0	10.000000E+0	417.440647E-3	138.557813E+0
70.800000E+0	0.000000E+0	0.000000E+0	10.000000E+0	483.394068E-3	139.176563E+0
70.900000E+0	0.000000E+0	0.000000E+0	10.000000E+0	510.029103E-3	139.879688E+0
71.000000E+0	0.000000E+0	0.000000E+0	10.000000E+0	445.344018E-3	140.625000E+0
71.100000E+0	0.000000E+0	0.000000E+0	10.000000E+0	493.540748E-3	141.370313E+0
71.200000E+0	0.000000E+0	0.000000E+0	10.000000E+0	518.907448E-3	142.115625E+0
71.300000E+0	0.000000E+0	0.000000E+0	10.000000E+0	447.880688E-3	142.832813E+0
71.400000E+0	0.000000E+0	0.000000E+0	10.000000E+0	507.492433E-3	143.578125E+0
71.500000E+0	0.000000E+0	0.000000E+0	10.000000E+0	485.930738E-3	144.267188E+0
71.600000E+0	0.000000E+0	0.000000E+0	10.000000E+0	445.344018E-3	144.970313E+0
71.700000E+0	0.000000E+0	0.000000E+0	10.000000E+0	454.222363E-3	145.673438E+0
71.800000E+0	0.000000E+0	0.000000E+0	10.000000E+0	498.614088E-3	146.390625E+0
71.900000E+0	0.000000E+0	0.000000E+0	10.000000E+0	511.297438E-3	147.121875E+0
72.000000E+0	0.000000E+0	0.000000E+0	10.000000E+0	412.367307E-3	147.796875E+0
72.100000E+0	0.000000E+0	0.000000E+0	10.000000E+0	385.732272E-3	148.401563E+0
72.200000E+0	0.000000E+0	0.000000E+0	10.000000E+0	374.317257E-3	148.935937E+0
72.300000E+0	0.000000E+0	0.000000E+0	10.000000E+0	366.707247E-3	149.470313E+0
72.400000E+0	0.000000E+0	0.000000E+0	10.000000E+0	327.388861E-3	149.976562E+0
72.500000E+0	0.000000E+0	0.000000E+0	10.000000E+0	315.973845E-3	150.468750E+0
72.600000E+0	0.000000E+0	0.000000E+0	10.000000E+0	329.925531E-3	150.960937E+0
72.700000E+0	0.000000E+0	0.000000E+0	10.000000E+0	341.340546E-3	151.439063E+0
72.800000E+0	0.000000E+0	0.000000E+0	10.000000E+0	359.097236E-3	151.931250E+0
72.900000E+0	0.000000E+0	0.000000E+0	10.000000E+0	352.755561E-3	152.451562E+0
73.000000E+0	0.000000E+0	0.000000E+0	10.000000E+0	433.929003E-3	153.028125E+0
73.100000E+0	0.000000E+0	0.000000E+0	10.000000E+0	469.442383E-3	153.660938E+0
73.200000E+0	0.000000E+0	0.000000E+0	10.000000E+0	496.077418E-3	154.364063E+0
73.300000E+0	0.000000E+0	0.000000E+0	10.000000E+0	455.490698E-3	155.095313E+0
73.400000E+0	0.000000E+0	0.000000E+0	10.000000E+0	494.809083E-3	155.826562E+0
73.500000E+0	0.000000E+0	0.000000E+0	10.000000E+0	550.615823E-3	156.585937E+0
73.600000E+0	0.000000E+0	0.000000E+0	10.000000E+0	498.614088E-3	157.359375E+0
73.700000E+0	0.000000E+0	0.000000E+0	10.000000E+0	553.152492E-3	158.160938E+0
73.800000E+0	0.000000E+0	0.000000E+0	10.000000E+0	544.274148E-3	158.948438E+0
73.900000E+0	0.000000E+0	0.000000E+0	10.000000E+0	450.417358E-3	159.707813E+0
74.000000E+0	0.000000E+0	0.000000E+0	10.000000E+0	532.859133E-3	160.481250E+0
74.100000E+0	0.000000E+0	0.000000E+0	10.000000E+0	567.104177E-3	161.240625E+0
74.200000E+0	0.000000E+0	0.000000E+0	10.000000E+0	464.369043E-3	162.000000E+0
74.300000E+0	0.000000E+0	0.000000E+0	10.000000E+0	432.660668E-3	162.675000E+0
74.400000E+0	0.000000E+0	0.000000E+0	10.000000E+0	407.293967E-3	163.279687E+0
74.500000E+0	0.000000E+0	0.000000E+0	10.000000E+0	395.878952E-3	163.842187E+0
74.600000E+0	0.000000E+0	0.000000E+0	10.000000E+0	354.023896E-3	164.390625E+0
74.700000E+0	0.000000E+0	0.000000E+0	10.000000E+0	346.413886E-3	164.925000E+0
74.800000E+0	0.000000E+0	0.000000E+0	10.000000E+0	360.365571E-3	165.459375E+0
74.900000E+0	0.000000E+0	0.000000E+0	10.000000E+0	373.048922E-3	165.965625E+0
75.000000E+0	0.000000E+0	0.000000E+0	10.000000E+0	366.707247E-3	166.485938E+0
75.100000E+0	0.000000E+0	0.000000E+0	10.000000E+0	385.732272E-3	167.048438E+0
75.200000E+0	0.000000E+0	0.000000E+0	10.000000E+0	471.979053E-3	167.667188E+0
75.300000E+0	0.000000E+0	0.000000E+0	10.000000E+0	513.834108E-3	168.356250E+0
75.400000E+0	0.000000E+0	0.000000E+0	10.000000E+0	482.125733E-3	169.101562E+0
75.500000E+0	0.000000E+0	0.000000E+0	10.000000E+0	504.955763E-3	169.860938E+0
75.600000E+0	0.000000E+0	0.000000E+0	10.000000E+0	539.200808E-3	170.620313E+0
75.700000E+0	0.000000E+0	0.000000E+0	10.000000E+0	520.175783E-3	171.393750E+0
75.800000E+0	0.000000E+0	0.000000E+0	10.000000E+0	518.907448E-3	172.181250E+0
75.900000E+0	0.000000E+0	0.000000E+0	10.000000E+0	539.200808E-3	172.954688E+0
76.000000E+0	0.000000E+0	0.000000E+0	10.000000E+0	507.492433E-3	173.714063E+0
76.100000E+0	0.000000E+0	0.000000E+0	9.166667E+0	460.564038E-3	174.473438E+0
76.200000E+0	0.000000E+0	0.000000E+0	8.333333E+0	507.492433E-3	175.218750E+0
76.300000E+0	0.000000E+0	0.000000E+0	8.333333E+0	480.857398E-3	175.950000E+0
76.400000E+0	0.000000E+0	0.000000E+0	7.500000E+0	346.413886E-3	176.568750E+0
76.500000E+0	0.000000E+0	0.000000E+0	7.500000E+0	288.070475E-3	177.046875E+0
76.600000E+0	0.000000E+0	0.000000E+0	6.666667E+0	205.628696E-3	177.384375E+0
76.700000E+0	0.000000E+0	0.000000E+0	5.833333E+0	124.455252E-3	177.595313E+0
76.800000E+0	0.000000E+0	0.000000E+0	5.833333E+0	24.256780E-3	177.693750E+0
76.900000E+0	0.000000E+0	0.000000E+0	5.000000E+0	6.500088E-3	177.707813E+0
77.000000E+0	0.000000E+0	0.000000E+0	5.000000E+0	-6.183263E-3	177.707813E+0
77.100000E+0	0.000000E+0	0.000000E+0	4.166667E+0	-8.719933E-3	177.707813E+0
77.200000E+0	0.000000E+0	0.000000E+0	4.166667E+0	7.768424E-3	177.707813E+0
77.300000E+0	0.000000E+0	0.000000E+0	3.333333E+0	-7.451598E-3	177.707813E+0
77.400000E+0	0.000000E+0	0.000000E+0	3.333333E+0	-1.109922E-3	177.707813E+0
77.500000E+0	0.000000E+0	0.000000E+0	2.500000E+0	-15.061608E-3	177.707813E+0
77.600000E+0	0.000000E+0	0.000000E+0	2.500000E+0	6.500088E-3	177.707813E+0
77.700000E+0	0.000000E+0	0.000000E+0	1.666667E+0	2.695083E-3	177.707813E+0
77.800000E+0	0.000000E+0	0.000000E+0	1.666667E+0	-2.378257E-3	177.693750E+0
77.900000E+0	0.000000E+0	0.000000E+0	833.333333E-3	-7.451598E-3	177.693750E+0
78.000000E+0	0.000000E+0	0.000000E+0	833.333333E-3	-3.646592E-3	177.693750E+0
78.100000E+0	0.000000E+0	0.000000E+0	100.000000E-3	-12.524938E-3	177.679687E+0
78.200000E+0	0.000000E+0	0.000000E+0	833.333333E-3	6.500088E-3	177.679687E+0
78.300000E+0	0.000000E+0	0.000000E+0	833.333333E-3	-7.451598E-3	177.665625E+0
78.400000E+0	0.000000E+0	0.000000E+0	1.666667E+0	158.412962E-6	177.651563E+0
78.500000E+0	0.000000E+0	0.000000E+0	1.666667E+0	-7.451598E-3	177.651563E+0
78.600000E+0	0.000000E+0	0.000000E+0	2.500000E+0	-3.646592E-3	177.651563E+0
78.700000E+0	0.000000E+0	0.000000E+0	2.500000E+0	-9.988268E-3	177.637500E+0
78.800000E+0	0.000000E+0	0.000000E+0	3.333333E+0	-20.134949E-3	177.623437E+0
78.900000E+0	0.000000E+0	0.000000E+0	3.333333E+0	-7.451598E-3	177.595313E+0
79.000000E+0	0.000000E+0	0.000000E+0	4.166667E+0	-26.476624E-3	177.553125E+0
79.100000E+0	0.000000E+0	0.000000E+0	4.166667E+0	-44.233316E-3	177.496875E+0
79.200000E+0	0.000000E+0	0.000000E+0	5.000000E+0	-68.331683E-3	177.412500E+0
79.300000E+0	0.000000E+0	0.000000E+0	5.000000E+0	-87.356710E-3	177.300000E+0
79.400000E+0	0.000000E+0	0.000000E+0	5.000000E+0	-87.356710E-3	177.173438E+0
79.500000E+0	0.000000E+0	0.000000E+0	5.833333E+0	-119.065088E-3	177.018750E+0
79.600000E+0	0.000000E+0	0.000000E+0	5.833333E+0	-144.431791E-3	176.807813E+0
79.700000E+0	0.000000E+0	0.000000E+0	5.833333E+0	-145.700126E-3	176.582813E+0
79.800000E+0	0.000000E+0	0.000000E+0	5.833333E+0	-153.310137E-3	176.357812E+0
79.900000E+0	0.000000E+0	0.000000E+0	5.833333E+0	-150.773467E-3	176.132812E+0
80.000000E+0	0.000000E+0	0.000000E+0	5.833333E+0	-154.578472E-3	175.907813E+0
80.100000E+0	0.000000E+0	0.000000E+0	5.833333E+0	-125.406764E-3	175.696875E+0
80.200000E+0	0.000000E+0	0.000000E+0	5.833333E+0	-89.893380E-3	175.528125E+0
80.300000E+0	0.000000E+0	0.000000E+0	5.833333E+0	-50.574992E-3	175.429687E+0
80.400000E+0	0.000000E+0	0.000000E+0	5.833333E+0	10.305094E-3	175.401563E+0
80.500000E+0	0.000000E+0	0.000000E+0	5.833333E+0	-3.646592E-3	175.401563E+0
80.600000E+0	0.000000E+0	0.000000E+0	5.833333E+0	-4.914927E-3	175.401563E+0
80.700000E+0	0.000000E+0	0.000000E+0	5.833333E+0	-2.378257E-3	175.401563E+0
80.800000E+0	0.000000E+0	0.000000E+0	5.833333E+0	1.426748E-3	175.401563E+0
80.900000E+0	0.000000E+0	0.000000E+0	5.833333E+0	16.646769E-3	175.401563E+0
81.000000E+0	0.000000E+0	0.000000E+0	5.833333E+0	-7.451598E-3	175.401563E+0
81.100000E+0	0.000000E+0	0.000000E+0	5.833333E+0	14.110099E-3	175.401563E+0
81.200000E+0	0.000000E+0	0.000000E+0	5.833333E+0	158.412962E-6	175.401563E+0
81.300000E+0	0.000000E+0	0.000000E+0	5.833333E+0	5.231753E-3	175.401563E+0
81.400000E+0	0.000000E+0	0.000000E+0	5.833333E+0	12.841764E-3	175.401563E+0
81.500000E+0	0.000000E+0	0.000000E+0	5.833333E+0	-7.451598E-3	175.401563E+0
81.600000E+0	0.000000E+0	0.000000E+0	5.833333E+0	-6.183263E-3	175.401563E+0
81.700000E+0	0.000000E+0	0.000000E+0	5.833333E+0	-4.914927E-3	175.401563E+0
81.800000E+0	0.000000E+0	0.000000E+0	5.833333E+0	2.695083E-3	175.401563E+0
81.900000E+0	0.000000E+0	0.000000E+0	5.833333E+0	14.110099E-3	175.401563E+0
82.000000E+0	0.000000E+0	0.000000E+0	5.833333E+0	5.231753E-3	175.401563E+0
82.100000E+0	0.000000E+0	0.000000E+0	5.833333E+0	-7.451598E-3	175.401563E+0
82.200000E+0	0.000000E+0	0.000000E+0	6.666667E+0	-1.109922E-3	175.401563E+0
82.300000E+0	0.000000E+0	0.000000E+0	6.666667E+0	12.841764E-3	175.401563E+0
82.400000E+0	0.000000E+0	0.000000E+0	6.666667E+0	-6.183263E-3	175.401563E+0
82.500000E+0	0.000000E+0	0.000000E+0	6.666667E+0	10.305094E-3	175.401563E+0
82.600000E+0	0.000000E+0	0.000000E+0	6.666667E+0	-6.183263E-3	175.401563E+0
82.700000E+0	0.000000E+0	0.000000E+0	6.666667E+0	-6.183263E-3	175.401563E+0
82.800000E+0	0.000000E+0	0.000000E+0	6.666667E+0	-4.914927E-3	175.401563E+0
82.900000E+0	0.000000E+0	0.000000E+0	6.666667E+0	-4.914927E-3	175.401563E+0
83.000000E+0	0.000000E+0	0.000000E+0	7.500000E+0	12.841764E-3	175.401563E+0
83.100000E+0	0.000000E+0	0.000000E+0	7.500000E+0	-13.793273E-3	175.387500E+0
83.200000E+0	0.000000E+0	0.000000E+0	7.500000E+0	-9.988268E-3	175.387500E+0
83.300000E+0	0.000000E+0	0.000000E+0	7.500000E+0	-7.451598E-3	175.373437E+0
83.400000E+0	0.000000E+0	0.000000E+0	7.500000E+0	11.573429E-3	175.373437E+0
83.500000E+0	0.000000E+0	0.000000E+0	7.500000E+0	9.036759E-3	175.359375E+0
83.600000E+0	0.000000E+0	0.000000E+0	7.500000E+0	7.768424E-3	175.359375E+0
83.700000E+0	0.000000E+0	0.000000E+0	7.500000E+0	-8.719933E-3	175.345313E+0
83.800000E+0	0.000000E+0	0.000000E+0	8.333333E+0	-15.061608E-3	175.331250E+0
83.900000E+0	0.000000E+0	0.000000E+0	8.333333E+0	-34.086635E-3	175.303125E+0
84.000000E+0	0.000000E+0	0.000000E+0	8.333333E+0	-40.428311E-3	175.246875E+0
84.100000E+0	0.000000E+0	0.000000E+0	8.333333E+0	-60.721672E-3	175.190625E+0
84.200000E+0	0.000000E+0	0.000000E+0	8.333333E+0	-65.795013E-3	175.106250E+0
84.300000E+0	0.000000E+0	0.000000E+0	8.333333E+0	-69.600018E-3	175.007812E+0
84.400000E+0	0.000000E+0	0.000000E+0	8.333333E+0	-64.526678E-3	174.909375E+0
84.500000E+0	0.000000E+0	0.000000E+0	9.166667E+0	-70.868353E-3	174.796875E+0
84.600000E+0	0.000000E+0	0.000000E+0	9.166667E+0	-73.405024E-3	174.684375E+0
84.700000E+0	0.000000E+0	0.000000E+0	9.166667E+0	-88.625045E-3	174.557813E+0
84.800000E+0	0.000000E+0	0.000000E+0	9.166667E+0	-79.746699E-3	174.417188E+0
84.900000E+0	0.000000E+0	0.000000E+0	9.166667E+0	-82.283370E-3	174.276563E+0
85.000000E+0	0.000000E+0	0.000000E+0	9.166667E+0	-45.501651E-3	174.164062E+0
85.100000E+0	0.000000E+0	0.000000E+0	9.166667E+0	-45.501651E-3	174.093750E+0
85.200000E+0	0.000000E+0	0.000000E+0	10.000000E+0	-54.379997E-3	174.023437E+0
85.300000E+0	0.000000E+0	0.000000E+0	10.000000E+0	-56.916667E-3	173.939063E+0
85.400000E+0	0.000000E+0	0.000000E+0	10.000000E+0	-83.551705E-3	173.826562E+0
85.500000E+0	0.000000E+0	0.000000E+0	10.000000E+0	-89.893380E-3	173.700000E+0
85.600000E+0	0.000000E+0	0.000000E+0	10.000000E+0	-130.480105E-3	173.531250E+0
85.700000E+0	0.000000E+0	0.000000E+0	10.000000E+0	-157.115142E-3	173.320312E+0
85.800000E+0	0.000000E+0	0.000000E+0	10.000000E+0	-187.555186E-3	173.067188E+0
85.900000E+0	0.000000E+0	0.000000E+0	10.000000E+0	-200.238538E-3	172.785938E+0
86.000000E+0	0.000000E+0	0.000000E+0	10.000000E+0	-256.045285E-3	172.448438E+0
86.100000E+0	0.000000E+0	0.000000E+0	10.000000E+0	-302.973686E-3	172.054687E+0
86.200000E+0	0.000000E+0	0.000000E+0	10.000000E+0	-308.047027E-3	171.576562E+0
86.300000E+0	0.000000E+0	0.000000E+0	10.000000E+0	-354.975429E-3	171.084375E+0
86.400000E+0	0.000000E+0	0.000000E+0	10.000000E+0	-398.098826E-3	170.535938E+0
86.500000E+0	0.000000E+0	0.000000E+0	10.000000E+0	-403.172166E-3	169.945312E+0
86.600000E+0	0.000000E+0	0.000000E+0	10.000000E+0	-371.463786E-3	169.298438E+0
86.700000E+0	0.000000E+0	0.000000E+0	10.833333E+0	-461.515586E-3	168.651563E+0
86.800000E+0	0.000000E+0	0.000000E+0	10.833333E+0	-474.198938E-3	167.976562E+0
86.900000E+0	0.000000E+0	0.000000E+0	10.833333E+0	-446.295564E-3	167.315625E+0
87.000000E+0	0.000000E+0	0.000000E+0	10.833333E+0	-415.855518E-3	166.696875E+0
87.100000E+0	0.000000E+0	0.000000E+0	10.833333E+0	-442.490558E-3	166.078125E+0
87.200000E+0	0.000000E+0	0.000000E+0	10.833333E+0	-465.320592E-3	165.445312E+0
87.300000E+0	0.000000E+0	0.000000E+0	10.833333E+0	-462.783921E-3	164.728125E+0
87.400000E+0	0.000000E+0	0.000000E+0	10.833333E+0	-527.469018E-3	163.954688E+0
87.500000E+0	0.000000E+0	0.000000E+0	10.833333E+0	-612.447480E-3	163.125000E+0
87.600000E+0	0.000000E+0	0.000000E+0	10.833333E+0	-574.397422E-3	162.239063E+0
87.700000E+0	0.000000E+0	0.000000E+0	10.833333E+0	-683.474255E-3	161.296875E+0
87.800000E+0	0.000000E+0	0.000000E+0	10.833333E+0	-601.032463E-3	160.340625E+0
87.900000E+0	0.000000E+0	0.000000E+0	10.833333E+0	-490.687296E-3	159.482812E+0
88.000000E+0	0.000000E+0	0.000000E+0	10.833333E+0	-497.028973E-3	158.695312E+0
88.100000E+0	0.000000E+0	0.000000E+0	10.833333E+0	-517.322336E-3	157.950000E+0
88.200000E+0	0.000000E+0	0.000000E+0	10.833333E+0	-514.785666E-3	157.148437E+0
88.300000E+0	0.000000E+0	0.000000E+0	10.833333E+0	-595.959122E-3	156.318750E+0
88.400000E+0	0.000000E+0	0.000000E+0	10.833333E+0	-595.959122E-3	155.446875E+0
88.500000E+0	0.000000E+0	0.000000E+0	10.833333E+0	-587.080775E-3	154.546875E+0
88.600000E+0	0.000000E+0	0.000000E+0	10.833333E+0	-639.082521E-3	153.632812E+0
88.700000E+0	0.000000E+0	0.000000E+0	10.833333E+0	-545.225712E-3	152.775000E+0
88.800000E+0	0.000000E+0	0.000000E+0	10.833333E+0	-546.494047E-3	151.959375E+0
88.900000E+0	0.000000E+0	0.000000E+0	10.833333E+0	-565.519076E-3	151.171875E+0
89.000000E+0	0.000000E+0	0.000000E+0	10.833333E+0	-517.322336E-3	150.342187E+0
89.100000E+0	0.000000E+0	0.000000E+0	10.833333E+0	-623.862497E-3	149.456250E+0
89.200000E+0	0.000000E+0	0.000000E+0	10.833333E+0	-682.205920E-3	148.514062E+0
89.300000E+0	0.000000E+0	0.000000E+0	10.833333E+0	-670.790902E-3	147.501563E+0
89.400000E+0	0.000000E+0	0.000000E+0	10.833333E+0	-692.352602E-3	146.489063E+0
89.500000E+0	0.000000E+0	0.000000E+0	10.833333E+0	-547.762382E-3	145.518750E+0
89.600000E+0	0.000000E+0	0.000000E+0	10.833333E+0	-535.079030E-3	144.675000E+0
89.700000E+0	0.000000E+0	0.000000E+0	10.000000E+0	-510.980660E-3	143.901563E+0
89.800000E+0	0.000000E+0	0.000000E+0	10.000000E+0	-498.297308E-3	143.156250E+0
89.900000E+0	0.000000E+0	0.000000E+0	10.000000E+0	-522.395677E-3	142.396875E+0
90.000000E+0	0.000000E+0	0.000000E+0	10.000000E+0	-530.005689E-3	141.623437E+0
90.100000E+0	0.000000E+0	0.000000E+0	10.000000E+0	-503.370649E-3	140.821875E+0
90.200000E+0	0.000000E+0	0.000000E+0	10.000000E+0	-523.664012E-3	140.020313E+0
90.300000E+0	0.000000E+0	0.000000E+0	10.000000E+0	-556.640729E-3	139.218750E+0
90.400000E+0	0.000000E+0	0.000000E+0	10.000000E+0	-469.125598E-3	138.487500E+0
90.500000E+0	0.000000E+0	0.000000E+0	10.000000E+0	-414.587183E-3	137.840625E+0
90.600000E+0	0.000000E+0	0.000000E+0	10.000000E+0	-420.928859E-3	137.235938E+0
90.700000E+0	0.000000E+0	0.000000E+0	10.000000E+0	-443.758893E-3	136.617187E+0
90.800000E+0	0.000000E+0	0.000000E+0	10.000000E+0	-413.318848E-3	135.956250E+0
90.900000E+0	0.000000E+0	0.000000E+0	10.000000E+0	-486.882291E-3	135.253125E+0
91.000000E+0	0.000000E+0	0.000000E+0	10.000000E+0	-549.030717E-3	134.493750E+0
91.100000E+0	0.000000E+0	0.000000E+0	10.000000E+0	-537.615700E-3	133.678125E+0
91.200000E+0	0.000000E+0	0.000000E+0	9.166667E+0	-580.739099E-3	132.834375E+0
91.300000E+0	0.000000E+0	0.000000E+0	9.166667E+0	-560.445735E-3	132.004688E+0
91.400000E+0	0.000000E+0	0.000000E+0	9.166667E+0	-445.027228E-3	131.259375E+0
91.500000E+0	0.000000E+0	0.000000E+0	9.166667E+0	-343.560412E-3	130.626563E+0
91.600000E+0	0.000000E+0	0.000000E+0	9.166667E+0	-352.438758E-3	130.106250E+0
91.700000E+0	0.000000E+0	0.000000E+0	9.166667E+0	-332.145395E-3	129.614063E+0
91.800000E+0	0.000000E+0	0.000000E+0	9.166667E+0	-329.608725E-3	129.121875E+0
91.900000E+0	0.000000E+0	0.000000E+0	9.166667E+0	-313.120368E-3	128.601562E+0
92.000000E+0	0.000000E+0	0.000000E+0	9.166667E+0	-339.755406E-3	128.095313E+0
92.100000E+0	0.000000E+0	0.000000E+0	9.166667E+0	-389.220479E-3	127.546875E+0
92.200000E+0	0.000000E+0	0.000000E+0	9.166667E+0	-381.610468E-3	126.984375E+0
92.300000E+0	0.000000E+0	0.000000E+0	9.166667E+0	-376.537127E-3	126.393750E+0
92.400000E+0	0.000000E+0	0.000000E+0	9.166667E+0	-386.683809E-3	125.789062E+0
92.500000E+0	0.000000E+0	0.000000E+0	9.166667E+0	-419.660524E-3	125.198437E+0
92.600000E+0	0.000000E+0	0.000000E+0	9.166667E+0	-349.902088E-3	124.650000E+0
92.700000E+0	0.000000E+0	0.000000E+0	9.166667E+0	-301.705351E-3	124.171875E+0
92.800000E+0	0.000000E+0	0.000000E+0	9.166667E+0	-224.336906E-3	123.750000E+0
92.900000E+0	0.000000E+0	0.000000E+0	9.166667E+0	-226.873576E-3	123.412500E+0
93.000000E+0	0.000000E+0	0.000000E+0	9.166667E+0	-212.921889E-3	123.089062E+0
93.100000E+0	0.000000E+0	0.000000E+0	9.166667E+0	-221.800235E-3	122.779688E+0
93.200000E+0	0.000000E+0	0.000000E+0	9.166667E+0	-249.703609E-3	122.442188E+0
93.300000E+0	0.000000E+0	0.000000E+0	9.166667E+0	-267.460301E-3	122.062500E+0
93.400000E+0	0.000000E+0	0.000000E+0	9.166667E+0	-287.753664E-3	121.626563E+0
93.500000E+0	0.000000E+0	0.000000E+0	8.333333E+0	-299.168681E-3	121.148437E+0
93.600000E+0	0.000000E+0	0.000000E+0	8.333333E+0	-363.853775E-3	120.628125E+0
93.700000E+0	0.000000E+0	0.000000E+0	8.333333E+0	-391.757149E-3	120.093750E+0
93.800000E+0	0.000000E+0	0.000000E+0	8.333333E+0	-390.488814E-3	119.531250E+0
93.900000E+0	0.000000E+0	0.000000E+0	8.333333E+0	-352.438758E-3	118.968750E+0
94.000000E+0	0.000000E+0	0.000000E+0	8.333333E+0	-391.757149E-3	118.392188E+0
94.100000E+0	0.000000E+0	0.000000E+0	8.333333E+0	-376.537127E-3	117.829688E+0
94.200000E+0	0.000000E+0	0.000000E+0	8.333333E+0	-310.583697E-3	117.323437E+0
94.300000E+0	0.000000E+0	0.000000E+0	8.333333E+0	-225.605241E-3	116.915625E+0
94.400000E+0	0.000000E+0	0.000000E+0	8.333333E+0	-148.236796E-3	116.592188E+0
94.500000E+0	0.000000E+0	0.000000E+0	8.333333E+0	-83.551705E-3	116.409375E+0
94.600000E+0	0.000000E+0	0.000000E+0	8.333333E+0	-59.453337E-3	116.296875E+0
94.700000E+0	0.000000E+0	0.000000E+0	8.333333E+0	-44.233316E-3	116.212500E+0
94.800000E+0	0.000000E+0	0.000000E+0	8.333333E+0	-41.696646E-3	116.156250E+0
94.900000E+0	0.000000E+0	0.000000E+0	8.333333E+0	-36.623305E-3	116.100000E+0
95.000000E+0	0.000000E+0	0.000000E+0	8.333333E+0	-31.549965E-3	116.057812E+0
95.100000E+0	0.000000E+0	0.000000E+0	8.333333E+0	-15.061608E-3	116.015625E+0
95.200000E+0	0.000000E+0	0.000000E+0	8.333333E+0	-31.549965E-3	115.973438E+0
95.300000E+0	0.000000E+0	0.000000E+0	8.333333E+0	-1.109922E-3	115.945312E+0
95.400000E+0	0.000000E+0	0.000000E+0	8.333333E+0	3.963418E-3	115.931250E+0
95.500000E+0	0.000000E+0	0.000000E+0	8.333333E+0	-7.451598E-3	115.917187E+0
95.600000E+0	0.000000E+0	0.000000E+0	8.333333E+0	-4.914927E-3	115.903125E+0
95.700000E+0	0.000000E+0	0.000000E+0	8.333333E+0	3.963418E-3	115.889063E+0
95.800000E+0	0.000000E+0	0.000000E+0	8.333333E+0	-17.598279E-3	115.875000E+0
95.900000E+0	0.000000E+0	0.000000E+0	8.333333E+0	-17.598279E-3	115.846875E+0
96.000000E+0	0.000000E+0	0.000000E+0	8.333333E+0	-13.793273E-3	115.832813E+0
96.100000E+0	0.000000E+0	0.000000E+0	8.333333E+0	-20.134949E-3	115.804687E+0
96.200000E+0	0.000000E+0	0.000000E+0	8.333333E+0	-7.451598E-3	115.790625E+0
96.300000E+0	0.000000E+0	0.000000E+0	8.333333E+0	-27.744959E-3	115.748438E+0
96.400000E+0	0.000000E+0	0.000000E+0	8.333333E+0	-42.964981E-3	115.692188E+0
96.500000E+0	0.000000E+0	0.000000E+0	8.333333E+0	-59.453337E-3	115.607813E+0
96.600000E+0	0.000000E+0	0.000000E+0	8.333333E+0	-55.648332E-3	115.537500E+0
96.700000E+0	0.000000E+0	0.000000E+0	8.333333E+0	-37.891640E-3	115.467188E+0
96.800000E+0	0.000000E+0	0.000000E+0	8.333333E+0	-46.769986E-3	115.410938E+0
96.900000E+0	0.000000E+0	0.000000E+0	8.333333E+0	-31.549965E-3	115.354687E+0
97.000000E+0	0.000000E+0	0.000000E+0	8.333333E+0	-46.769986E-3	115.284375E+0
97.100000E+0	0.000000E+0	0.000000E+0	8.333333E+0	-67.063348E-3	115.214062E+0
97.200000E+0	0.000000E+0	0.000000E+0	8.333333E+0	-73.405024E-3	115.115625E+0
97.300000E+0	0.000000E+0	0.000000E+0	8.333333E+0	-83.551705E-3	115.003125E+0
97.400000E+0	0.000000E+0	0.000000E+0	8.333333E+0	-111.455078E-3	114.862500E+0
97.500000E+0	0.000000E+0	0.000000E+0	8.333333E+0	-125.406764E-3	114.693750E+0
97.600000E+0	0.000000E+0	0.000000E+0	8.333333E+0	-146.968461E-3	114.468750E+0
97.700000E+0	0.000000E+0	0.000000E+0	8.333333E+0	-154.578472E-3	114.215625E+0
97.800000E+0	0.000000E+0	0.000000E+0	8.333333E+0	-152.041802E-3	113.962500E+0
97.900000E+0	0.000000E+0	0.000000E+0	8.333333E+0	-185.018516E-3	113.709375E+0
98.000000E+0	0.000000E+0	0.000000E+0	8.333333E+0	-206.580213E-3	113.414062E+0
98.100000E+0	0.000000E+0	0.000000E+0	8.333333E+0	-238.288592E-3	113.104687E+0
98.200000E+0	0.000000E+0	0.000000E+0	8.333333E+0	-243.361933E-3	112.753125E+0
98.300000E+0	0.000000E+0	0.000000E+0	8.333333E+0	-244.630268E-3	112.387500E+0
98.400000E+0	0.000000E+0	0.000000E+0	8.333333E+0	-257.313620E-3	111.993750E+0
98.500000E+0	0.000000E+0	0.000000E+0	8.333333E+0	-244.630268E-3	111.600000E+0
98.600000E+0	0.000000E+0	0.000000E+0	8.333333E+0	-245.898603E-3	111.220313E+0
98.700000E+0	0.000000E+0	0.000000E+0	8.333333E+0	-261.118625E-3	110.854687E+0
98.800000E+0	0.000000E+0	0.000000E+0	8.333333E+0	-215.458559E-3	110.517188E+0
98.900000E+0	0.000000E+0	0.000000E+0	8.333333E+0	-162.188483E-3	110.250000E+0
99.000000E+0	0.000000E+0	0.000000E+0	8.333333E+0	-125.406764E-3	110.053125E+0
99.100000E+0	0.000000E+0	0.000000E+0	8.333333E+0	-96.235056E-3	109.898437E+0
99.200000E+0	0.000000E+0	0.000000E+0	8.333333E+0	-69.600018E-3	109.785938E+0
99.300000E+0	0.000000E+0	0.000000E+0	8.333333E+0	-61.990008E-3	109.701563E+0
99.400000E+0	0.000000E+0	0.000000E+0	8.333333E+0	-36.623305E-3	109.631250E+0
99.500000E+0	0.000000E+0	0.000000E+0	8.333333E+0	-13.793273E-3	109.575000E+0
99.600000E+0	0.000000E+0	0.000000E+0	8.333333E+0	5.231753E-3	109.560938E+0
99.700000E+0	0.000000E+0	0.000000E+0	8.333333E+0	-4.914927E-3	109.560938E+0
99.800000E+0	0.000000E+0	0.000000E+0	8.333333E+0	11.573429E-3	109.560938E+0
99.900000E+0	0.000000E+0	0.000000E+0	8.333333E+0	5.231753E-3	109.560938E+0
100.000000E+0	0.000000E+0	0.000000E+0	8.333333E+0	-1.109922E-3	109.560938E+0
100.100000E+0	0.000000E+0	0.000000E+0	8.333333E+0	-2.378257E-3	109.560938E+0
100.200000E+0	0.000000E+0	0.000000E+0	8.333333E+0	10.305094E-3	109.560938E+0
100.300000E+0	0.000000E+0	0.000000E+0	8.333333E+0	-3.646592E-3	109.560938E+0
100.400000E+0	0.000000E+0	0.000000E+0	8.333333E+0	-1.109922E-3	109.560938E+0
100.500000E+0	0.000000E+0	0.000000E+0	8.333333E+0	-3.646592E-3	109.560938E+0
100.600000E+0	0.000000E+0	0.000000E+0	8.333333E+0	-3.646592E-3	109.560938E+0
100.700000E+0	0.000000E+0	0.000000E+0	8.333333E+0	-2.378257E-3	109.560938E+0
100.800000E+0	0.000000E+0	0.000000E+0	8.333333E+0	6.500088E-3	109.560938E+0
100.900000E+0	0.000000E+0	0.000000E+0	8.333333E+0	-3.646592E-3	109.560938E+0
101.000000E+0	0.000000E+0	0.000000E+0	8.333333E+0	12.841764E-3	109.560938E+0
101.100000E+0	0.000000E+0	0.000000E+0	8.333333E+0	-4.914927E-3	109.560938E+0
101.200000E+0	0.000000E+0	0.000000E+0	8.333333E+0	11.573429E-3	109.560938E+0
101.300000E+0	0.000000E+0	0.000000E+0	8.333333E+0	11.573429E-3	109.560938E+0
101.400000E+0	0.000000E+0	0.000000E+0	8.333333E+0	5.231753E-3	109.560938E+0
101.500000E+0	0.000000E+0	0.000000E+0	8.333333E+0	15.378434E-3	109.560938E+0
101.600000E+0	0.000000E+0	0.000000E+0	8.333333E+0	12.841764E-3	109.560938E+0
101.700000E+0	0.000000E+0	0.000000E+0	8.333333E+0	-23.939954E-3	109.560938E+0
101.800000E+0	0.000000E+0	0.000000E+0	8.333333E+0	9.036759E-3	109.560938E+0
101.900000E+0	0.000000E+0	0.000000E+0	8.333333E+0	2.695083E-3	109.560938E+0
102.000000E+0	0.000000E+0	0.000000E+0	8.333333E+0	-6.183263E-3	109.560938E+0
102.100000E+0	0.000000E+0	0.000000E+0	8.333333E+0	-4.914927E-3	109.560938E+0
102.200000E+0	0.000000E+0	0.000000E+0	8.333333E+0	-6.183263E-3	109.560938E+0
102.300000E+0	0.000000E+0	0.000000E+0	8.333333E+0	14.110099E-3	109.560938E+0
102.400000E+0	0.000000E+0	0.000000E+0	8.333333E+0	-6.183263E-3	109.560938E+0
102.500000E+0	0.000000E+0	0.000000E+0	8.333333E+0	10.305094E-3	109.560938E+0
102.600000E+0	0.000000E+0	0.000000E+0	8.333333E+0	6.500088E-3	109.560938E+0
102.700000E+0	0.000000E+0	0.000000E+0	8.333333E+0	-7.451598E-3	109.560938E+0
102.800000E+0	0.000000E+0	0.000000E+0	8.333333E+0	19.183440E-3	109.560938E+0
102.900000E+0	0.000000E+0	0.000000E+0	8.333333E+0	-3.646592E-3	109.560938E+0
103.000000E+0	0.000000E+0	0.000000E+0	8.333333E+0	14.110099E-3	109.560938E+0
103.100000E+0	0.000000E+0	0.000000E+0	8.333333E+0	-6.183263E-3	109.560938E+0
103.200000E+0	0.000000E+0	0.000000E+0	8.333333E+0	-1.109922E-3	109.560938E+0
103.300000E+0	0.000000E+0	0.000000E+0	8.333333E+0	-3.646592E-3	109.560938E+0
103.400000E+0	0.000000E+0	0.000000E+0	8.333333E+0	15.378434E-3	109.560938E+0
103.500000E+0	0.000000E+0	0.000000E+0	8.333333E+0	-6.183263E-3	109.560938E+0
103.600000E+0	0.000000E+0	0.000000E+0	8.333333E+0	12.841764E-3	109.560938E+0
103.700000E+0	0.000000E+0	0.000000E+0	8.333333E+0	15.378434E-3	109.560938E+0
103.800000E+0	0.000000E+0	0.000000E+0	8.333333E+0	-4.914927E-3	109.560938E+0
103.900000E+0	0.000000E+0	0.000000E+0	8.333333E+0	7.768424E-3	109.560938E+0
104.000000E+0	0.000000E+0	0.000000E+0	8.333333E+0	-6.183263E-3	109.560938E+0
104.100000E+0	0.000000E+0	0.000000E+0	8.333333E+0	6.500088E-3	109.560938E+0
104.200000E+0	0.000000E+0	0.000000E+0	8.333333E+0	-4.914927E-3	109.560938E+0
104.300000E+0	0.000000E+0	0.000000E+0	8.333333E+0	6.500088E-3	109.560938E+0
104.400000E+0	0.000000E+0	0.000000E+0	8.333333E+0	-3.646592E-3	109.560938E+0
104.500000E+0	0.000000E+0	0.000000E+0	8.333333E+0	-6.183263E-3	109.560938E+0
104.600000E+0	0.000000E+0	0.000000E+0	8.333333E+0	-4.914927E-3	109.560938E+0
104.700000E+0	0.000000E+0	0.000000E+0	8.333333E+0	158.412962E-6	109.560938E+0
104.800000E+0	0.000000E+0	0.000000E+0	8.333333E+0	6.500088E-3	109.560938E+0
104.900000E+0	0.000000E+0	0.000000E+0	8.333333E+0	12.841764E-3	109.560938E+0
105.000000E+0	0.000000E+0	0.000000E+0	8.333333E+0	-3.646592E-3	109.560938E+0
105.100000E+0	0.000000E+0	0.000000E+0	8.333333E+0	-6.183263E-3	109.560938E+0
105.200000E+0	0.000000E+0	0.000000E+0	8.333333E+0	2.695083E-3	109.560938E+0
105.300000E+0	0.000000E+0	0.000000E+0	8.333333E+0	7.768424E-3	109.560938E+0
105.400000E+0	0.000000E+0	0.000000E+0	8.333333E+0	3.963418E-3	109.560938E+0
105.500000E+0	0.000000E+0	0.000000E+0	8.333333E+0	-6.183263E-3	109.560938E+0
105.600000E+0	0.000000E+0	0.000000E+0	8.333333E+0	3.963418E-3	109.560938E+0
105.700000E+0	0.000000E+0	0.000000E+0	8.333333E+0	7.768424E-3	109.560938E+0
105.800000E+0	0.000000E+0	0.000000E+0	8.333333E+0	-6.183263E-3	109.560938E+0
105.900000E+0	0.000000E+0	0.000000E+0	8.333333E+0	14.110099E-3	109.560938E+0
106.000000E+0	0.000000E+0	0.000000E+0	8.333333E+0	-3.646592E-3	109.560938E+0
106.100000E+0	0.000000E+0	0.000000E+0	8.333333E+0	3.963418E-3	109.560938E+0
106.200000E+0	0.000000E+0	0.000000E+0	8.333333E+0	1.426748E-3	109.560938E+0
106.300000E+0	0.000000E+0	0.000000E+0	8.333333E+0	14.110099E-3	109.560938E+0
106.400000E+0	0.000000E+0	0.000000E+0	8.333333E+0	-6.183263E-3	109.560938E+0
106.500000E+0	0.000000E+0	0.000000E+0	8.333333E+0	1.426748E-3	109.560938E+0
106.600000E+0	0.000000E+0	0.000000E+0	8.333333E+0	-4.914927E-3	109.560938E+0
106.700000E+0	0.000000E+0	0.000000E+0	8.333333E+0	-3.646592E-3	109.560938E+0
106.800000E+0	0.000000E+0	0.000000E+0	8.333333E+0	-4.914927E-3	109.560938E+0
106.900000E+0	0.000000E+0	0.000000E+0	8.333333E+0	-3.646592E-3	109.560938E+0
107.000000E+0	0.000000E+0	0.000000E+0	8.333333E+0	-4.914927E-3	109.560938E+0
107.100000E+0	0.000000E+0	0.000000E+0	8.333333E+0	1.426748E-3	109.560938E+0
107.200000E+0	0.000000E+0	0.000000E+0	8.333333E+0	-7.451598E-3	109.560938E+0
107.300000E+0	0.000000E+0	0.000000E+0	8.333333E+0	-6.183263E-3	109.560938E+0
107.400000E+0	0.000000E+0	0.000000E+0	8.333333E+0	10.305094E-3	109.560938E+0
107.500000E+0	0.000000E+0	0.000000E+0	8.333333E+0	-6.183263E-3	109.560938E+0
107.600000E+0	0.000000E+0	0.000000E+0	8.333333E+0	-3.646592E-3	109.560938E+0
107.700000E+0	0.000000E+0	0.000000E+0	8.333333E+0	-4.914927E-3	109.560938E+0
107.800000E+0	0.000000E+0	0.000000E+0	8.333333E+0	-4.914927E-3	109.560938E+0
107.900000E+0	0.000000E+0	0.000000E+0	8.333333E+0	12.841764E-3	109.560938E+0
108.000000E+0	0.000000E+0	0.000000E+0	8.333333E+0	6.500088E-3	109.560938E+0
108.100000E+0	0.000000E+0	0.000000E+0	8.333333E+0	-6.183263E-3	109.560938E+0
108.200000E+0	0.000000E+0	0.000000E+0	8.333333E+0	2.695083E-3	109.560938E+0
108.300000E+0	0.000000E+0	0.000000E+0	8.333333E+0	5.231753E-3	109.560938E+0
108.400000E+0	0.000000E+0	0.000000E+0	8.333333E+0	12.841764E-3	109.560938E+0
108.500000E+0	0.000000E+0	0.000000E+0	8.333333E+0	6.500088E-3	109.560938E+0
108.600000E+0	0.000000E+0	0.000000E+0	8.333333E+0	-2.378257E-3	109.560938E+0
108.700000E+0	0.000000E+0	0.000000E+0	8.333333E+0	9.036759E-3	109.560938E+0
108.800000E+0	0.000000E+0	0.000000E+0	8.333333E+0	6.500088E-3	109.560938E+0
108.900000E+0	0.000000E+0	0.000000E+0	8.333333E+0	-3.646592E-3	109.560938E+0
109.000000E+0	0.000000E+0	0.000000E+0	8.333333E+0	16.646769E-3	109.560938E+0
109.100000E+0	0.000000E+0	0.000000E+0	8.333333E+0	-1.109922E-3	109.560938E+0
109.200000E+0	0.000000E+0	0.000000E+0	8.333333E+0	-6.183263E-3	109.560938E+0
109.300000E+0	0.000000E+0	0.000000E+0	8.333333E+0	9.036759E-3	109.560938E+0
109.400000E+0	0.000000E+0	0.000000E+0	8.333333E+0	10.305094E-3	109.560938E+0
109.500000E+0	0.000000E+0	0.000000E+0	8.333333E+0	-4.914927E-3	109.560938E+0
109.600000E+0	0.000000E+0	0.000000E+0	8.333333E+0	14.110099E-3	109.560938E+0
109.700000E+0	0.000000E+0	0.000000E+0	8.333333E+0	1.426748E-3	109.560938E+0
109.800000E+0	0.000000E+0	0.000000E+0	8.333333E+0	16.646769E-3	109.560938E+0
109.900000E+0	0.000000E+0	0.000000E+0	8.333333E+0	-4.914927E-3	109.560938E+0
110.000000E+0	0.000000E+0	0.000000E+0	8.333333E+0	-1.109922E-3	109.560938E+0
110.100000E+0	0.000000E+0	0.000000E+0	8.333333E+0	-6.183263E-3	109.560938E+0
110.200000E+0	0.000000E+0	0.000000E+0	8.333333E+0	-4.914927E-3	109.560938E+0
110.300000E+0	0.000000E+0	0.000000E+0	8.333333E+0	6.500088E-3	109.560938E+0
110.400000E+0	0.000000E+0	0.000000E+0	8.333333E+0	-4.914927E-3	109.560938E+0
110.500000E+0	0.000000E+0	0.000000E+0	8.333333E+0	7.768424E-3	109.560938E+0
110.600000E+0	0.000000E+0	0.000000E+0	8.333333E+0	15.378434E-3	109.560938E+0
110.700000E+0	0.000000E+0	0.000000E+0	8.333333E+0	9.036759E-3	109.560938E+0
110.800000E+0	0.000000E+0	0.000000E+0	8.333333E+0	3.963418E-3	109.560938E+0
110.900000E+0	0.000000E+0	0.000000E+0	8.333333E+0	2.695083E-3	109.560938E+0
111.000000E+0	0.000000E+0	0.000000E+0	8.333333E+0	-4.914927E-3	109.560938E+0
111.100000E+0	0.000000E+0	0.000000E+0	8.333333E+0	2.695083E-3	109.560938E+0
111.200000E+0	0.000000E+0	0.000000E+0	8.333333E+0	15.378434E-3	109.560938E+0
111.300000E+0	0.000000E+0	0.000000E+0	8.333333E+0	10.305094E-3	109.560938E+0
111.400000E+0	0.000000E+0	0.000000E+0	8.333333E+0	12.841764E-3	109.560938E+0
111.500000E+0	0.000000E+0	0.000000E+0	8.333333E+0	-4.914927E-3	109.560938E+0
111.600000E+0	0.000000E+0	0.000000E+0	8.333333E+0	5.231753E-3	109.560938E+0
111.700000E+0	0.000000E+0	0.000000E+0	8.333333E+0	-4.914927E-3	109.560938E+0
111.800000E+0	0.000000E+0	0.000000E+0	8.333333E+0	12.841764E-3	109.560938E+0
111.900000E+0	0.000000E+0	0.000000E+0	8.333333E+0	1.426748E-3	109.560938E+0
112.000000E+0	0.000000E+0	0.000000E+0	8.333333E+0	14.110099E-3	109.560938E+0
112.100000E+0	0.000000E+0	0.000000E+0	8.333333E+0	7.768424E-3	109.560938E+0
112.200000E+0	0.000000E+0	0.000000E+0	8.333333E+0	-4.914927E-3	109.560938E+0
112.300000E+0	0.000000E+0	0.000000E+0	8.333333E+0	-2.378257E-3	109.560938E+0
112.400000E+0	0.000000E+0	0.000000E+0	8.333333E+0	14.110099E-3	109.560938E+0
112.500000E+0	0.000000E+0	0.000000E+0	8.333333E+0	-3.646592E-3	109.560938E+0
112.600000E+0	0.000000E+0	0.000000E+0	8.333333E+0	1.426748E-3	109.560938E+0
112.700000E+0	0.000000E+0	0.000000E+0	8.333333E+0	-13.793273E-3	109.560938E+0
112.800000E+0	0.000000E+0	0.000000E+0	8.333333E+0	10.305094E-3	109.560938E+0
112.900000E+0	0.000000E+0	0.000000E+0	8.333333E+0	-3.646592E-3	109.560938E+0
113.000000E+0	0.000000E+0	0.000000E+0	8.333333E+0	6.500088E-3	109.560938E+0
113.100000E+0	0.000000E+0	0.000000E+0	8.333333E+0	12.841764E-3	109.560938E+0
113.200000E+0	0.000000E+0	0.000000E+0	8.333333E+0	15.378434E-3	109.560938E+0
113.300000E+0	0.000000E+0	0.000000E+0	8.333333E+0	16.646769E-3	109.560938E+0
113.400000E+0	0.000000E+0	0.000000E+0	8.333333E+0	7.768424E-3	109.560938E+0
113.500000E+0	0.000000E+0	0.000000E+0	8.333333E+0	2.695083E-3	109.560938E+0
113.600000E+0	0.000000E+0	0.000000E+0	8.333333E+0	14.110099E-3	109.560938E+0
113.700000E+0	0.000000E+0	0.000000E+0	8.333333E+0	-7.451598E-3	109.560938E+0
113.800000E+0	0.000000E+0	0.000000E+0	8.333333E+0	15.378434E-3	109.560938E+0
113.900000E+0	0.000000E+0	0.000000E+0	8.333333E+0	11.573429E-3	109.560938E+0
114.000000E+0	0.000000E+0	0.000000E+0	8.333333E+0	-1.109922E-3	109.560938E+0
114.100000E+0	0.000000E+0	0.000000E+0	8.333333E+0	-2.378257E-3	109.560938E+0
114.200000E+0	0.000000E+0	0.000000E+0	8.333333E+0	-6.183263E-3	109.560938E+0
114.300000E+0	0.000000E+0	0.000000E+0	8.333333E+0	1.426748E-3	109.560938E+0
114.400000E+0	0.000000E+0	0.000000E+0	8.333333E+0	-2.378257E-3	109.560938E+0
114.500000E+0	0.000000E+0	0.000000E+0	8.333333E+0	-3.646592E-3	109.560938E+0
114.600000E+0	0.000000E+0	0.000000E+0	8.333333E+0	-2.378257E-3	109.560938E+0
114.700000E+0	0.000000E+0	0.000000E+0	8.333333E+0	-6.183263E-3	109.560938E+0
114.800000E+0	0.000000E+0	0.000000E+0	9.166667E+0	-7.451598E-3	109.560938E+0
114.900000E+0	0.000000E+0	0.000000E+0	9.166667E+0	-1.109922E-3	109.560938E+0
115.000000E+0	0.000000E+0	0.000000E+0	10.000000E+0	-15.061608E-3	109.546875E+0
115.100000E+0	0.000000E+0	0.000000E+0	10.000000E+0	-22.671619E-3	109.518750E+0
115.200000E+0	0.000000E+0	0.000000E+0	10.833333E+0	-23.939954E-3	109.504688E+0
115.300000E+0	0.000000E+0	0.000000E+0	11.666667E+0	-20.134949E-3	109.462500E+0
115.400000E+0	0.000000E+0	0.000000E+0	11.666667E+0	-63.258343E-3	109.392188E+0
115.500000E+0	0.000000E+0	0.000000E+0	12.500000E+0	-115.260083E-3	109.265625E+0
115.600000E+0	0.000000E+0	0.000000E+0	12.500000E+0	-192.628527E-3	109.040625E+0
115.700000E+0	0.000000E+0	0.000000E+0	12.500000E+0	-245.898603E-3	108.717188E+0
115.800000E+0	0.000000E+0	0.000000E+0	13.333333E+0	-365.122110E-3	108.281250E+0
115.900000E+0	0.000000E+0	0.000000E+0	13.333333E+0	-450.100569E-3	107.718750E+0
116.000000E+0	0.000000E+0	0.000000E+0	13.333333E+0	-475.467274E-3	106.959375E+0
116.100000E+0	0.000000E+0	0.000000E+0	13.333333E+0	-661.912556E-3	106.073437E+0
116.200000E+0	0.000000E+0	0.000000E+0	13.333333E+0	-724.060985E-3	105.032813E+0
116.300000E+0	0.000000E+0	0.000000E+0	13.333333E+0	-839.479498E-3	103.879688E+0
116.400000E+0	0.000000E+0	0.000000E+0	13.333333E+0	-803.966109E-3	102.656250E+0
116.500000E+0	0.000000E+0	0.000000E+0	13.333333E+0	-786.209414E-3	101.475000E+0
116.600000E+0	0.000000E+0	0.000000E+0	13.333333E+0	-829.332815E-3	100.293750E+0
116.700000E+0	0.000000E+0	0.000000E+0	12.500000E+0	-876.261223E-3	99.070312E+0
116.800000E+0	0.000000E+0	0.000000E+0	12.500000E+0	-855.967857E-3	97.790625E+0
116.900000E+0	0.000000E+0	0.000000E+0	11.666667E+0	-923.189630E-3	96.454688E+0
117.000000E+0	0.000000E+0	0.000000E+0	10.833333E+0	-831.869486E-3	95.189063E+0
117.100000E+0	0.000000E+0	0.000000E+0	10.833333E+0	-815.381127E-3	94.007812E+0
117.200000E+0	0.000000E+0	0.000000E+0	10.000000E+0	-726.597655E-3	92.854687E+0
117.300000E+0	0.000000E+0	0.000000E+0	10.000000E+0	-796.356097E-3	91.715625E+0
117.400000E+0	0.000000E+0	0.000000E+0	9.166667E+0	-734.207667E-3	90.576563E+0
117.500000E+0	0.000000E+0	0.000000E+0	8.333333E+0	-749.427690E-3	89.493750E+0
117.600000E+0	0.000000E+0	0.000000E+0	8.333333E+0	-627.667503E-3	88.495312E+0
117.700000E+0	0.000000E+0	0.000000E+0	7.500000E+0	-437.417217E-3	87.665625E+0
117.800000E+0	0.000000E+0	0.000000E+0	7.500000E+0	-375.268792E-3	87.032813E+0
117.900000E+0	0.000000E+0	0.000000E+0	6.666667E+0	-302.973686E-3	86.540625E+0
118.000000E+0	0.000000E+0	0.000000E+0	5.833333E+0	-248.435274E-3	86.146875E+0
118.100000E+0	0.000000E+0	0.000000E+0	5.833333E+0	-176.140170E-3	85.837500E+0
118.200000E+0	0.000000E+0	0.000000E+0	5.000000E+0	-140.626786E-3	85.584375E+0
118.300000E+0	0.000000E+0	0.000000E+0	5.000000E+0	-79.746699E-3	85.401562E+0
118.400000E+0	0.000000E+0	0.000000E+0	4.166667E+0	6.500088E-3	85.331250E+0
118.500000E+0	0.000000E+0	0.000000E+0	3.333333E+0	-4.914927E-3	85.345313E+0
118.600000E+0	0.000000E+0	0.000000E+0	3.333333E+0	-6.183263E-3	85.345313E+0
118.700000E+0	0.000000E+0	0.000000E+0	2.500000E+0	-6.183263E-3	85.345313E+0
118.800000E+0	0.000000E+0	0.000000E+0	2.500000E+0	1.426748E-3	85.345313E+0
118.900000E+0	0.000000E+0	0.000000E+0	1.666667E+0	11.573429E-3	85.345313E+0
119.000000E+0	0.000000E+0	0.000000E+0	1.666667E+0	17.915104E-3	85.359375E+0
119.100000E+0	0.000000E+0	0.000000E+0	833.333333E-3	-3.646592E-3	85.359375E+0
119.200000E+0	0.000000E+0	0.000000E+0	833.333333E-3	15.378434E-3	85.359375E+0
119.300000E+0	0.000000E+0	0.000000E+0	100.000000E-3	12.841764E-3	85.359375E+0
119.400000E+0	0.000000E+0	0.000000E+0	100.000000E-3	19.183440E-3	85.373438E+0
119.500000E+0	0.000000E+0	0.000000E+0	100.000000E-3	2.695083E-3	85.387500E+0
119.600000E+0	0.000000E+0	0.000000E+0	100.000000E-3	-4.914927E-3	85.387500E+0
119.700000E+0	0.000000E+0	0.000000E+0	100.000000E-3	-4.914927E-3	85.387500E+0
119.800000E+0	0.000000E+0	0.000000E+0	100.000000E-3	-1.109922E-3	85.387500E+0
119.900000E+0	0.000000E+0	0.000000E+0	100.000000E-3	14.110099E-3	85.387500E+0
120.000000E+0	0.000000E+0	0.000000E+0	100.000000E-3	16.646769E-3	85.387500E+0
120.100000E+0	0.000000E+0	0.000000E+0	100.000000E-3	16.646769E-3	85.387500E+0
120.200000E+0	0.000000E+0	0.000000E+0	100.000000E-3	6.500088E-3	85.387500E+0
120.300000E+0	0.000000E+0	0.000000E+0	100.000000E-3	-1.109922E-3	85.387500E+0
120.400000E+0	0.000000E+0	0.000000E+0	100.000000E-3	-4.914927E-3	85.387500E+0
120.500000E+0	0.000000E+0	0.000000E+0	100.000000E-3	12.841764E-3	85.387500E+0
120.600000E+0	0.000000E+0	0.000000E+0	100.000000E-3	158.412962E-6	85.387500E+0
120.700000E+0	0.000000E+0	0.000000E+0	100.000000E-3	-7.451598E-3	85.387500E+0
120.800000E+0	0.000000E+0	0.000000E+0	100.000000E-3	10.305094E-3	85.387500E+0
120.900000E+0	0.000000E+0	0.000000E+0	100.000000E-3	-6.183263E-3	85.387500E+0
121.000000E+0	0.000000E+0	0.000000E+0	100.000000E-3	-7.451598E-3	85.387500E+0
121.100000E+0	0.000000E+0	0.000000E+0	100.000000E-3	14.110099E-3	85.387500E+0
121.200000E+0	0.000000E+0	0.000000E+0	100.000000E-3	-2.378257E-3	85.387500E+0
121.300000E+0	0.000000E+0	0.000000E+0	100.000000E-3	158.412962E-6	85.387500E+0
121.400000E+0	0.000000E+0	0.000000E+0	100.000000E-3	-8.719933E-3	85.387500E+0
121.500000E+0	0.000000E+0	0.000000E+0	100.000000E-3	-3.646592E-3	85.387500E+0
121.600000E+0	0.000000E+0	0.000000E+0	100.000000E-3	15.378434E-3	85.387500E+0
121.700000E+0	0.000000E+0	0.000000E+0	100.000000E-3	-4.914927E-3	85.387500E+0
121.800000E+0	0.000000E+0	0.000000E+0	100.000000E-3	-6.183263E-3	85.387500E+0
121.900000E+0	0.000000E+0	0.000000E+0	100.000000E-3	-4.914927E-3	85.387500E+0
122.000000E+0	0.000000E+0	0.000000E+0	100.000000E-3	-1.109922E-3	85.387500E+0
122.100000E+0	0.000000E+0	0.000000E+0	100.000000E-3	-6.183263E-3	85.387500E+0
122.200000E+0	0.000000E+0	0.000000E+0	100.000000E-3	12.841764E-3	85.387500E+0
122.300000E+0	0.000000E+0	0.000000E+0	100.000000E-3	158.412962E-6	85.387500E+0
122.400000E+0	0.000000E+0	0.000000E+0	100.000000E-3	-6.183263E-3	85.387500E+0
122.500000E+0	0.000000E+0	0.000000E+0	100.000000E-3	11.573429E-3	85.387500E+0
122.600000E+0	0.000000E+0	0.000000E+0	100.000000E-3	10.305094E-3	85.387500E+0
122.700000E+0	0.000000E+0	0.000000E+0	100.000000E-3	2.695083E-3	85.387500E+0
122.800000E+0	0.000000E+0	0.000000E+0	100.000000E-3	14.110099E-3	85.387500E+0
122.900000E+0	0.000000E+0	0.000000E+0	100.000000E-3	12.841764E-3	85.387500E+0
123.000000E+0	0.000000E+0	0.000000E+0	100.000000E-3	-7.451598E-3	85.387500E+0
123.100000E+0	0.000000E+0	0.000000E+0	100.000000E-3	2.695083E-3	85.387500E+0
123.200000E+0	0.000000E+0	0.000000E+0	100.000000E-3	-3.646592E-3	85.387500E+0
123.300000E+0	0.000000E+0	0.000000E+0	100.000000E-3	10.305094E-3	85.387500E+0
123.400000E+0	0.000000E+0	0.000000E+0	100.000000E-3	7.768424E-3	85.387500E+0
123.500000E+0	0.000000E+0	0.000000E+0	100.000000E-3	1.426748E-3	85.387500E+0
123.600000E+0	0.000000E+0	0.000000E+0	100.000000E-3	14.110099E-3	85.387500E+0
123.700000E+0	0.000000E+0	0.000000E+0	100.000000E-3	11.573429E-3	85.387500E+0
123.800000E+0	0.000000E+0	0.000000E+0	100.000000E-3	12.841764E-3	85.387500E+0
123.900000E+0	0.000000E+0	0.000000E+0	100.000000E-3	-7.451598E-3	85.387500E+0
124.000000E+0	0.000000E+0	0.000000E+0	100.000000E-3	-2.378257E-3	85.387500E+0
124.100000E+0	0.000000E+0	0.000000E+0	100.000000E-3	-8.719933E-3	85.387500E+0
124.200000E+0	0.000000E+0	0.000000E+0	100.000000E-3	-4.914927E-3	85.387500E+0
124.300000E+0	0.000000E+0	0.000000E+0	100.000000E-3	-6.183263E-3	85.387500E+0
124.400000E+0	0.000000E+0	0.000000E+0	100.000000E-3	-6.183263E-3	85.387500E+0
124.500000E+0	0.000000E+0	0.000000E+0	100.000000E-3	-6.183263E-3	85.387500E+0
124.600000E+0	0.000000E+0	0.000000E+0	100.000000E-3	9.036759E-3	85.387500E+0
124.700000E+0	0.000000E+0	0.000000E+0	100.000000E-3	7.768424E-3	85.387500E+0
124.800000E+0	0.000000E+0	0.000000E+0	100.000000E-3	6.500088E-3	85.387500E+0
124.900000E+0	0.000000E+0	0.000000E+0	100.000000E-3	2.695083E-3	85.387500E+0
125.000000E+0	0.000000E+0	0.000000E+0	100.000000E-3	-6.183263E-3	85.387500E+0
125.100000E+0	0.000000E+0	0.000000E+0	100.000000E-3	-6.183263E-3	85.387500E+0
