0.000000E+0	9.800000E+0	1.057096E+0	30.000000E+0	26.228713E+0
100.000000E-3	9.800000E+0	1.057096E+0	30.000000E+0	30.600165E+0
200.000000E-3	9.800000E+0	1.075330E+0	30.000000E+0	34.971617E+0
300.000000E-3	9.800000E+0	1.093564E+0	30.000000E+0	39.288366E+0
400.000000E-3	9.800000E+0	1.075330E+0	30.000000E+0	43.595998E+0
500.000000E-3	9.800000E+0	1.093564E+0	30.000000E+0	48.003919E+0
600.000000E-3	9.800000E+0	1.093564E+0	30.000000E+0	52.311551E+0
700.000000E-3	9.800000E+0	1.093564E+0	30.000000E+0	56.664769E+0
800.000000E-3	9.800000E+0	1.166502E+0	30.000000E+0	65.152393E+0
900.000000E-3	9.800000E+0	1.221205E+0	30.000000E+0	69.305033E+0
1.000000E+0	9.800000E+0	1.713531E+0	30.000000E+0	72.117450E+0
1.100000E+0	9.800000E+0	1.786469E+0	30.000000E+0	72.117450E+0
1.200000E+0	9.800000E+0	1.731766E+0	30.000000E+0	75.941873E+0
1.300000E+0	9.800000E+0	2.151155E+0	30.000000E+0	80.112748E+0
1.400000E+0	9.800000E+0	2.369967E+0	30.000000E+0	82.888696E+0
1.500000E+0	9.800000E+0	2.898762E+0	30.000000E+0	86.056683E+0
1.600000E+0	9.800000E+0	3.482261E+0	30.000000E+0	88.185314E+0
1.700000E+0	9.800000E+0	3.792244E+0	30.000000E+0	89.885437E+0
1.800000E+0	9.800000E+0	3.865182E+0	30.000000E+0	92.114356E+0
1.900000E+0	9.800000E+0	4.029290E+0	30.000000E+0	94.899422E+0
2.000000E+0	9.800000E+0	4.539851E+0	30.000000E+0	97.374505E+0
2.100000E+0	9.800000E+0	4.722195E+0	30.000000E+0	98.728177E+0
2.200000E+0	9.800000E+0	4.977475E+0	30.000000E+0	100.811221E+0
2.300000E+0	9.800000E+0	5.323927E+0	30.000000E+0	102.584282E+0
2.400000E+0	9.800000E+0	5.415099E+0	30.000000E+0	103.956188E+0
2.500000E+0	9.800000E+0	5.396865E+0	30.000000E+0	105.920710E+0
2.600000E+0	9.800000E+0	5.706848E+0	30.000000E+0	108.167863E+0
2.700000E+0	9.800000E+0	5.725083E+0	30.000000E+0	109.439480E+0
2.800000E+0	9.800000E+0	6.053300E+0	30.000000E+0	111.431353E+0
2.900000E+0	9.800000E+0	6.800908E+0	30.000000E+0	112.484158E+0
3.000000E+0	9.800000E+0	6.490924E+0	30.000000E+0	112.114686E+0
3.100000E+0	9.800000E+0	6.509158E+0	30.000000E+0	114.544183E+0
3.200000E+0	9.800000E+0	6.673267E+0	30.000000E+0	116.144018E+0
3.300000E+0	9.800000E+0	6.727970E+0	30.000000E+0	117.297112E+0
3.400000E+0	9.800000E+0	6.873845E+0	30.000000E+0	118.696370E+0
3.500000E+0	9.800000E+0	7.001485E+0	30.000000E+0	119.794761E+0
3.600000E+0	9.800000E+0	7.366172E+0	30.000000E+0	120.874917E+0
3.700000E+0	9.800000E+0	7.657921E+0	30.000000E+0	121.180116E+0
3.800000E+0	9.800000E+0	7.566749E+0	30.000000E+0	121.521782E+0
3.900000E+0	9.800000E+0	8.022607E+0	30.000000E+0	122.866337E+0
4.000000E+0	9.800000E+0	8.095545E+0	30.000000E+0	122.615388E+0
4.100000E+0	9.800000E+0	8.533168E+0	30.000000E+0	123.285272E+0
4.200000E+0	9.800000E+0	8.624340E+0	30.000000E+0	122.824629E+0
4.300000E+0	9.800000E+0	8.824917E+0	30.000000E+0	123.184530E+0
4.400000E+0	9.800000E+0	9.061964E+0	30.000000E+0	123.170627E+0
4.500000E+0	9.800000E+0	9.226073E+0	30.000000E+0	122.947030E+0
4.600000E+0	9.800000E+0	9.371947E+0	30.000000E+0	122.823721E+0
4.700000E+0	9.800000E+0	9.536056E+0	30.000000E+0	122.673061E+0
4.800000E+0	9.800000E+0	9.791337E+0	30.000000E+0	122.394761E+0
4.900000E+0	9.800000E+0	9.918977E+0	30.000000E+0	121.760891E+0
5.000000E+0	9.800000E+0	10.010149E+0	30.000000E+0	121.382302E+0
5.100000E+0	9.800000E+0	10.356601E+0	30.000000E+0	121.049299E+0
5.200000E+0	9.800000E+0	10.502475E+0	30.000000E+0	119.904868E+0
5.300000E+0	9.800000E+0	10.593647E+0	30.000000E+0	119.188944E+0
5.400000E+0	9.800000E+0	10.721287E+0	30.000000E+0	118.564191E+0
5.500000E+0	9.800000E+0	10.976568E+0	30.000000E+0	117.784447E+0
5.600000E+0	9.800000E+0	11.140677E+0	30.000000E+0	116.557962E+0
5.700000E+0	9.800000E+0	11.395957E+0	30.000000E+0	115.477351E+0
5.800000E+0	9.800000E+0	11.578300E+0	30.000000E+0	114.041172E+0
5.900000E+0	9.800000E+0	11.742409E+0	30.000000E+0	112.696163E+0
6.000000E+0	9.800000E+0	11.997690E+0	30.000000E+0	111.314686E+0
6.100000E+0	9.800000E+0	12.161799E+0	30.000000E+0	109.577640E+0
6.200000E+0	9.800000E+0	12.307673E+0	30.000000E+0	107.986469E+0
6.300000E+0	9.800000E+0	12.544719E+0	30.000000E+0	106.367946E+0
6.400000E+0	9.800000E+0	12.745297E+0	30.000000E+0	104.402970E+0
6.500000E+0	9.800000E+0	12.891172E+0	30.000000E+0	102.428878E+0
6.600000E+0	9.800000E+0	13.109983E+0	30.000000E+0	100.518606E+0
6.700000E+0	9.800000E+0	13.328795E+0	30.000000E+0	98.316584E+0
6.800000E+0	9.800000E+0	13.492904E+0	30.000000E+0	96.005157E+0
6.900000E+0	9.800000E+0	13.675248E+0	30.000000E+0	93.748432E+0
7.000000E+0	9.800000E+0	13.821122E+0	30.000000E+0	91.354950E+0
7.100000E+0	9.800000E+0	14.076403E+0	30.000000E+0	88.979703E+0
7.200000E+0	9.800000E+0	14.258746E+0	30.000000E+0	86.203300E+0
7.300000E+0	9.800000E+0	14.477558E+0	30.000000E+0	83.518069E+0
7.400000E+0	9.800000E+0	14.696370E+0	30.000000E+0	80.632261E+0
7.500000E+0	9.800000E+0	14.824010E+0	30.000000E+0	77.637046E+0
7.600000E+0	9.800000E+0	15.042822E+0	30.000000E+0	74.805941E+0
7.700000E+0	9.800000E+0	15.243399E+0	30.000000E+0	71.637500E+0
7.800000E+0	9.800000E+0	15.589851E+0	30.000000E+0	68.414356E+0
7.900000E+0	9.800000E+0	15.735726E+0	30.000000E+0	64.653300E+0
8.000000E+0	9.800000E+0	15.881601E+0	30.000000E+0	61.320751E+0
8.100000E+0	9.800000E+0	16.009241E+0	30.000000E+0	57.915264E+0
8.200000E+0	9.800000E+0	16.155116E+0	30.000000E+0	54.491543E+0
8.300000E+0	9.800000E+0	16.319224E+0	30.000000E+0	50.949299E+0
8.400000E+0	9.800000E+0	16.483333E+0	30.000000E+0	47.279414E+0
8.500000E+0	9.800000E+0	16.610974E+0	30.000000E+0	43.527475E+0
8.600000E+0	9.800000E+0	16.738614E+0	30.000000E+0	39.802888E+0
8.700000E+0	9.800000E+0	16.866254E+0	30.000000E+0	36.014480E+0
8.800000E+0	9.800000E+0	16.957426E+0	30.000000E+0	32.162252E+0
8.900000E+0	9.800000E+0	17.048597E+0	30.000000E+0	28.355611E+0
9.000000E+0	9.800000E+0	17.121535E+0	30.000000E+0	24.503383E+0
9.100000E+0	9.800000E+0	17.212706E+0	30.000000E+0	20.660272E+0
9.200000E+0	9.800000E+0	17.303878E+0	30.000000E+0	16.725990E+0
9.300000E+0	9.800000E+0	17.358581E+0	30.000000E+0	12.746122E+0
9.400000E+0	9.800000E+0	17.449752E+0	30.000000E+0	8.830074E+0
9.500000E+0	9.800000E+0	17.431518E+0	30.000000E+0	4.777269E+0
9.600000E+0	9.800000E+0	17.449752E+0	30.000000E+0	1.007096E+0
9.700000E+0	9.800000E+0	17.559158E+0	30.000000E+0	-2.863366E+0
9.800000E+0	9.800000E+0	17.577393E+0	30.000000E+0	-7.016460E+0
9.900000E+0	9.800000E+0	17.705033E+0	30.000000E+0	-10.950743E+0
10.000000E+0	9.800000E+0	17.650330E+0	30.000000E+0	-15.222360E+0
10.100000E+0	9.800000E+0	17.540924E+0	30.000000E+0	-19.010767E+0
10.200000E+0	9.800000E+0	17.522690E+0	30.000000E+0	-22.607715E+0
10.300000E+0	9.800000E+0	17.486221E+0	30.000000E+0	-26.423474E+0
10.400000E+0	9.800000E+0	17.413284E+0	30.000000E+0	-30.175413E+0
10.500000E+0	9.800000E+0	17.340347E+0	30.000000E+0	-33.799711E+0
10.600000E+0	9.800000E+0	17.340347E+0	30.000000E+0	-37.387541E+0
10.700000E+0	9.800000E+0	17.322112E+0	30.000000E+0	-41.157715E+0
10.800000E+0	9.800000E+0	17.249175E+0	30.000000E+0	-44.873185E+0
10.900000E+0	9.800000E+0	17.158003E+0	30.000000E+0	-48.415429E+0
11.000000E+0	9.800000E+0	17.085066E+0	30.000000E+0	-51.866502E+0
11.100000E+0	9.800000E+0	17.048597E+0	30.000000E+0	-55.326691E+0
11.200000E+0	9.800000E+0	16.993894E+0	30.000000E+0	-58.859818E+0
11.300000E+0	9.800000E+0	16.902723E+0	30.000000E+0	-62.320008E+0
11.400000E+0	9.800000E+0	16.848020E+0	30.000000E+0	-65.643441E+0
11.500000E+0	9.800000E+0	16.793317E+0	30.000000E+0	-69.030693E+0
11.600000E+0	9.800000E+0	16.720380E+0	30.000000E+0	-72.390594E+0
11.700000E+0	9.800000E+0	16.647442E+0	30.000000E+0	-75.668441E+0
11.800000E+0	9.800000E+0	16.592739E+0	30.000000E+0	-78.909818E+0
11.900000E+0	9.800000E+0	16.501568E+0	30.000000E+0	-82.169431E+0
12.000000E+0	9.800000E+0	16.446865E+0	30.000000E+0	-85.292285E+0
12.100000E+0	9.800000E+0	16.373927E+0	30.000000E+0	-88.478960E+0
12.200000E+0	9.800000E+0	16.319224E+0	30.000000E+0	-91.583581E+0
12.300000E+0	9.800000E+0	16.228053E+0	30.000000E+0	-94.706436E+0
12.400000E+0	9.800000E+0	16.173350E+0	30.000000E+0	-97.692533E+0
12.500000E+0	9.800000E+0	16.082178E+0	30.000000E+0	-100.742450E+0
12.600000E+0	9.800000E+0	16.027475E+0	30.000000E+0	-103.655611E+0
12.700000E+0	9.800000E+0	15.936304E+0	30.000000E+0	-106.632591E+0
12.800000E+0	9.800000E+0	15.881601E+0	30.000000E+0	-109.472814E+0
12.900000E+0	9.800000E+0	15.808663E+0	30.000000E+0	-112.376856E+0
13.000000E+0	9.800000E+0	15.717492E+0	30.000000E+0	-115.198845E+0
13.100000E+0	9.800000E+0	15.644554E+0	30.000000E+0	-117.929662E+0
13.200000E+0	9.800000E+0	15.589851E+0	30.000000E+0	-120.669596E+0
13.300000E+0	9.800000E+0	15.498680E+0	30.000000E+0	-123.427764E+0
13.400000E+0	9.800000E+0	15.425743E+0	30.000000E+0	-126.049175E+0
13.500000E+0	9.800000E+0	15.352805E+0	30.000000E+0	-128.679703E+0
13.600000E+0	9.800000E+0	15.279868E+0	30.000000E+0	-131.273762E+0
13.700000E+0	9.800000E+0	15.206931E+0	30.000000E+0	-133.831353E+0
13.800000E+0	9.800000E+0	15.152228E+0	30.000000E+0	-136.352475E+0
13.900000E+0	9.800000E+0	15.061056E+0	30.000000E+0	-138.891832E+0
14.000000E+0	9.800000E+0	14.988119E+0	30.000000E+0	-141.294431E+0
14.100000E+0	9.800000E+0	14.915182E+0	30.000000E+0	-143.706147E+0
14.200000E+0	9.800000E+0	14.842244E+0	30.000000E+0	-146.081394E+0
14.300000E+0	9.800000E+0	14.769307E+0	30.000000E+0	-148.420173E+0
14.400000E+0	9.800000E+0	14.696370E+0	30.000000E+0	-150.722483E+0
14.500000E+0	9.800000E+0	14.623432E+0	30.000000E+0	-152.988325E+0
14.600000E+0	9.800000E+0	14.568729E+0	30.000000E+0	-155.217698E+0
14.700000E+0	9.800000E+0	14.477558E+0	30.000000E+0	-157.465305E+0
14.800000E+0	9.800000E+0	14.422855E+0	30.000000E+0	-159.576155E+0
14.900000E+0	9.800000E+0	14.349917E+0	30.000000E+0	-161.750825E+0
15.000000E+0	9.800000E+0	14.276980E+0	30.000000E+0	-163.843441E+0
15.100000E+0	9.800000E+0	14.204043E+0	30.000000E+0	-165.899587E+0
15.200000E+0	9.800000E+0	14.131106E+0	30.000000E+0	-167.919266E+0
15.300000E+0	9.800000E+0	14.076403E+0	30.000000E+0	-169.902475E+0
15.400000E+0	9.800000E+0	13.985231E+0	30.000000E+0	-171.903919E+0
15.500000E+0	9.800000E+0	13.912294E+0	30.000000E+0	-173.768606E+0
15.600000E+0	9.800000E+0	13.839356E+0	30.000000E+0	-175.642409E+0
15.700000E+0	9.800000E+0	13.784653E+0	30.000000E+0	-177.479744E+0
15.800000E+0	9.800000E+0	13.711716E+0	30.000000E+0	-179.335314E+0
15.900000E+0	9.800000E+0	13.638779E+0	30.000000E+0	-181.108828E+0
16.000000E+0	9.800000E+0	13.547607E+0	30.000000E+0	-182.845875E+0
16.100000E+0	9.800000E+0	13.511139E+0	30.000000E+0	-184.491749E+0
16.200000E+0	9.800000E+0	13.438201E+0	30.000000E+0	-186.256147E+0
16.300000E+0	9.800000E+0	13.365264E+0	30.000000E+0	-187.892904E+0
16.400000E+0	9.800000E+0	13.292327E+0	30.000000E+0	-189.493193E+0
16.500000E+0	9.800000E+0	13.237624E+0	30.000000E+0	-191.057013E+0
16.600000E+0	9.800000E+0	13.164686E+0	30.000000E+0	-192.639068E+0
16.700000E+0	9.800000E+0	13.091749E+0	30.000000E+0	-194.139068E+0
16.800000E+0	9.800000E+0	13.018812E+0	30.000000E+0	-195.602599E+0
16.900000E+0	9.800000E+0	12.945875E+0	30.000000E+0	-197.029662E+0
17.000000E+0	9.800000E+0	12.891172E+0	30.000000E+0	-198.420256E+0
17.100000E+0	9.800000E+0	12.818234E+0	30.000000E+0	-199.829084E+0
17.200000E+0	9.800000E+0	12.727063E+0	30.000000E+0	-201.155858E+0
17.300000E+0	9.800000E+0	12.654125E+0	30.000000E+0	-202.391460E+0
17.400000E+0	9.800000E+0	12.599422E+0	30.000000E+0	-203.636180E+0
17.500000E+0	9.800000E+0	12.526485E+0	30.000000E+0	-204.899134E+0
17.600000E+0	9.800000E+0	12.453548E+0	30.000000E+0	-206.080033E+0
17.700000E+0	9.800000E+0	12.380611E+0	30.000000E+0	-207.224464E+0
17.800000E+0	9.800000E+0	12.325908E+0	30.000000E+0	-208.332426E+0
17.900000E+0	9.800000E+0	12.252970E+0	30.000000E+0	-209.458622E+0
18.000000E+0	9.800000E+0	12.180033E+0	30.000000E+0	-210.502764E+0
18.100000E+0	9.800000E+0	12.125330E+0	30.000000E+0	-211.510437E+0
18.200000E+0	9.800000E+0	12.052393E+0	30.000000E+0	-212.536345E+0
18.300000E+0	9.800000E+0	11.979455E+0	30.000000E+0	-213.480198E+0
18.400000E+0	9.800000E+0	11.906518E+0	30.000000E+0	-214.387583E+0
18.500000E+0	9.800000E+0	11.833581E+0	30.000000E+0	-216.092946E+0
18.600000E+0	9.800000E+0	11.778878E+0	30.000000E+0	-216.945627E+0
18.700000E+0	9.800000E+0	11.705941E+0	30.000000E+0	-217.716254E+0
18.800000E+0	9.800000E+0	11.651238E+0	30.000000E+0	-218.505116E+0
18.900000E+0	9.800000E+0	11.560066E+0	30.000000E+0	-219.157219E+0
19.000000E+0	9.800000E+0	11.487129E+0	30.000000E+0	-219.818441E+0
19.100000E+0	9.800000E+0	11.450660E+0	30.000000E+0	-220.552599E+0
19.200000E+0	9.800000E+0	11.377723E+0	30.000000E+0	-221.159117E+0
19.300000E+0	9.800000E+0	11.304785E+0	30.000000E+0	-221.729167E+0
19.400000E+0	9.800000E+0	11.213614E+0	30.000000E+0	-222.208045E+0
19.500000E+0	9.800000E+0	11.177145E+0	30.000000E+0	-222.805446E+0
19.600000E+0	9.800000E+0	11.104208E+0	30.000000E+0	-223.275206E+0
19.700000E+0	9.800000E+0	11.031271E+0	30.000000E+0	-223.708498E+0
19.800000E+0	9.800000E+0	10.958333E+0	30.000000E+0	-224.105322E+0
19.900000E+0	9.800000E+0	10.885396E+0	30.000000E+0	-224.465677E+0
20.000000E+0	9.800000E+0	10.812459E+0	30.000000E+0	-224.789563E+0
20.100000E+0	9.800000E+0	10.739521E+0	30.000000E+0	-225.076980E+0
20.200000E+0	9.800000E+0	10.684818E+0	30.000000E+0	-225.382632E+0
20.300000E+0	9.800000E+0	10.611881E+0	30.000000E+0	-225.606229E+0
20.400000E+0	9.800000E+0	10.557178E+0	30.000000E+0	-225.848061E+0
20.500000E+0	9.800000E+0	10.484241E+0	30.000000E+0	-226.007838E+0
20.600000E+0	9.800000E+0	10.429538E+0	30.000000E+0	-226.185850E+0
20.700000E+0	9.800000E+0	10.356601E+0	30.000000E+0	-226.281807E+0
20.800000E+0	9.800000E+0	10.283663E+0	30.000000E+0	-226.341295E+0
20.900000E+0	9.800000E+0	10.210726E+0	30.000000E+0	-226.364315E+0
21.000000E+0	9.800000E+0	10.156023E+0	30.000000E+0	-226.405569E+0
21.100000E+0	9.800000E+0	10.083086E+0	30.000000E+0	-226.364769E+0
21.200000E+0	9.800000E+0	10.010149E+0	30.000000E+0	-226.287500E+0
21.300000E+0	9.800000E+0	9.955446E+0	30.000000E+0	-226.228465E+0
21.400000E+0	9.800000E+0	9.900743E+0	30.000000E+0	-226.142079E+0
21.500000E+0	9.800000E+0	9.827805E+0	30.000000E+0	-226.142079E+0
21.600000E+0	9.800000E+0	9.754868E+0	30.000000E+0	-225.973639E+0
21.700000E+0	9.800000E+0	9.700165E+0	30.000000E+0	-225.768729E+0
21.800000E+0	9.800000E+0	9.627228E+0	30.000000E+0	-225.582054E+0
21.900000E+0	9.800000E+0	9.572525E+0	30.000000E+0	-225.313325E+0
22.000000E+0	9.800000E+0	9.499587E+0	30.000000E+0	-225.062830E+0
22.100000E+0	9.800000E+0	9.426650E+0	30.000000E+0	-224.730281E+0
22.200000E+0	9.800000E+0	9.371947E+0	30.000000E+0	-224.361262E+0
22.300000E+0	9.800000E+0	9.317244E+0	30.000000E+0	-224.010479E+0
22.400000E+0	9.800000E+0	9.244307E+0	30.000000E+0	-223.632343E+0
22.500000E+0	9.800000E+0	9.171370E+0	30.000000E+0	-223.172153E+0
22.600000E+0	9.800000E+0	9.116667E+0	30.000000E+0	-222.675495E+0
22.700000E+0	9.800000E+0	9.061964E+0	30.000000E+0	-222.197071E+0
22.800000E+0	9.800000E+0	8.989026E+0	30.000000E+0	-221.691295E+0
22.900000E+0	9.800000E+0	8.916089E+0	30.000000E+0	-221.103465E+0
23.000000E+0	9.800000E+0	8.843152E+0	30.000000E+0	-220.479167E+0
23.100000E+0	9.800000E+0	8.824917E+0	30.000000E+0	-219.818399E+0
23.200000E+0	9.800000E+0	8.751980E+0	30.000000E+0	-219.285272E+0
23.300000E+0	9.800000E+0	8.679043E+0	30.000000E+0	-218.578919E+0
23.400000E+0	9.800000E+0	8.624340E+0	30.000000E+0	-217.111510E+0
23.500000E+0	9.800000E+0	8.551403E+0	30.000000E+0	-217.111510E+0
23.600000E+0	9.800000E+0	8.496700E+0	30.000000E+0	-216.304868E+0
23.700000E+0	9.800000E+0	8.423762E+0	30.000000E+0	-215.516460E+0
23.800000E+0	9.800000E+0	8.369059E+0	30.000000E+0	-214.645998E+0
23.900000E+0	9.800000E+0	8.314356E+0	30.000000E+0	-213.793771E+0
24.000000E+0	9.800000E+0	8.259653E+0	30.000000E+0	-212.914191E+0
24.100000E+0	9.800000E+0	8.186716E+0	30.000000E+0	-212.007261E+0
24.200000E+0	9.800000E+0	8.113779E+0	30.000000E+0	-211.018276E+0
24.300000E+0	9.800000E+0	8.059076E+0	30.000000E+0	-209.992822E+0
24.400000E+0	9.800000E+0	7.986139E+0	30.000000E+0	-208.985602E+0
24.500000E+0	9.800000E+0	7.949670E+0	30.000000E+0	-207.896328E+0
24.600000E+0	9.800000E+0	7.876733E+0	30.000000E+0	-205.736015E+0
24.700000E+0	9.800000E+0	7.822030E+0	30.000000E+0	-204.610272E+0
24.800000E+0	9.800000E+0	7.749092E+0	30.000000E+0	-203.402475E+0
24.900000E+0	9.800000E+0	7.694389E+0	30.000000E+0	-202.212913E+0
25.000000E+0	9.800000E+0	7.639686E+0	30.000000E+0	-200.995998E+0
25.100000E+0	9.800000E+0	7.566749E+0	30.000000E+0	-199.697030E+0
25.200000E+0	9.800000E+0	7.530281E+0	30.000000E+0	-198.470998E+0
25.300000E+0	9.800000E+0	7.457343E+0	30.000000E+0	-197.117327E+0
25.400000E+0	9.800000E+0	7.402640E+0	30.000000E+0	-197.117327E+0
25.500000E+0	9.800000E+0	7.329703E+0	30.000000E+0	-194.364398E+0
25.600000E+0	9.800000E+0	7.275000E+0	30.000000E+0	-192.965140E+0
25.700000E+0	9.800000E+0	7.220297E+0	30.000000E+0	-192.965140E+0
25.800000E+0	9.800000E+0	7.147360E+0	30.000000E+0	-191.538531E+0
25.900000E+0	9.800000E+0	7.092657E+0	30.000000E+0	-188.539439E+0
26.000000E+0	9.800000E+0	7.037954E+0	30.000000E+0	-187.021658E+0
26.100000E+0	9.800000E+0	6.983251E+0	30.000000E+0	-185.476526E+0
26.200000E+0	9.800000E+0	6.910314E+0	30.000000E+0	-183.849340E+0
26.300000E+0	9.800000E+0	6.837376E+0	30.000000E+0	-182.185685E+0
26.400000E+0	9.800000E+0	6.800908E+0	30.000000E+0	-180.594967E+0
26.500000E+0	9.800000E+0	6.727970E+0	30.000000E+0	-178.876609E+0
26.600000E+0	9.800000E+0	6.655033E+0	30.000000E+0	-177.121782E+0
26.700000E+0	9.800000E+0	6.600330E+0	30.000000E+0	-175.385190E+0
26.800000E+0	9.800000E+0	6.545627E+0	30.000000E+0	-173.621246E+0
26.900000E+0	9.800000E+0	6.490924E+0	30.000000E+0	-171.829950E+0
27.000000E+0	9.800000E+0	6.454455E+0	30.000000E+0	-170.066007E+0
27.100000E+0	9.800000E+0	6.363284E+0	30.000000E+0	-168.119719E+0
27.200000E+0	9.800000E+0	6.308581E+0	30.000000E+0	-166.237252E+0
27.300000E+0	9.800000E+0	6.253878E+0	30.000000E+0	-164.327434E+0
27.400000E+0	9.800000E+0	6.199175E+0	30.000000E+0	-164.327434E+0
27.500000E+0	9.800000E+0	6.126238E+0	30.000000E+0	-162.390264E+0
27.600000E+0	9.800000E+0	6.053300E+0	30.000000E+0	-160.371040E+0
27.700000E+0	9.800000E+0	5.998597E+0	30.000000E+0	-156.277888E+0
27.800000E+0	9.800000E+0	5.943894E+0	30.000000E+0	-154.213078E+0
27.900000E+0	9.800000E+0	5.907426E+0	30.000000E+0	-152.175619E+0
28.000000E+0	9.800000E+0	5.834488E+0	30.000000E+0	-152.175619E+0
28.100000E+0	9.800000E+0	5.779785E+0	30.000000E+0	-150.010520E+0
28.200000E+0	9.800000E+0	5.725083E+0	30.000000E+0	-147.863655E+0
28.300000E+0	9.800000E+0	5.670380E+0	30.000000E+0	-145.689439E+0
28.400000E+0	9.800000E+0	5.615677E+0	30.000000E+0	-141.258952E+0
28.500000E+0	9.800000E+0	5.542739E+0	30.000000E+0	-138.947979E+0
28.600000E+0	9.800000E+0	5.488036E+0	30.000000E+0	-136.655239E+0
28.700000E+0	9.800000E+0	5.433333E+0	30.000000E+0	-136.655239E+0
28.800000E+0	9.800000E+0	5.360396E+0	30.000000E+0	-134.335149E+0
28.900000E+0	9.800000E+0	5.323927E+0	30.000000E+0	-131.933003E+0
29.000000E+0	9.800000E+0	5.269224E+0	30.000000E+0	-129.603795E+0
29.100000E+0	9.800000E+0	5.214521E+0	30.000000E+0	-124.772153E+0
29.200000E+0	9.800000E+0	5.178053E+0	30.000000E+0	-122.370008E+0
29.300000E+0	9.800000E+0	5.086881E+0	30.000000E+0	-122.370008E+0
29.400000E+0	9.800000E+0	5.032178E+0	30.000000E+0	-119.785520E+0
29.500000E+0	9.800000E+0	4.995710E+0	30.000000E+0	-114.771535E+0
29.600000E+0	9.800000E+0	4.941007E+0	30.000000E+0	-112.205281E+0
29.700000E+0	9.800000E+0	4.886304E+0	30.000000E+0	-112.205281E+0
29.800000E+0	9.800000E+0	4.813366E+0	30.000000E+0	-109.611675E+0
29.900000E+0	9.800000E+0	4.758663E+0	30.000000E+0	-106.936015E+0
30.000000E+0	9.800000E+0	4.722195E+0	30.000000E+0	-104.278589E+0
30.100000E+0	9.800000E+0	4.649257E+0	30.000000E+0	-101.648515E+0
30.200000E+0	9.800000E+0	4.594554E+0	30.000000E+0	-98.890800E+0
30.300000E+0	9.800000E+0	4.539851E+0	30.000000E+0	-96.151320E+0
30.400000E+0	9.800000E+0	4.485149E+0	30.000000E+0	-93.384488E+0
30.500000E+0	9.800000E+0	4.430446E+0	30.000000E+0	-90.590305E+0
30.600000E+0	9.800000E+0	4.375743E+0	30.000000E+0	-87.768771E+0
30.700000E+0	9.800000E+0	4.302805E+0	30.000000E+0	-81.988944E+0
30.800000E+0	9.800000E+0	4.266337E+0	30.000000E+0	-79.130941E+0
30.900000E+0	9.800000E+0	4.193399E+0	30.000000E+0	-79.130941E+0
31.000000E+0	9.800000E+0	4.156931E+0	30.000000E+0	-76.145297E+0
31.100000E+0	9.800000E+0	4.120462E+0	30.000000E+0	-73.232591E+0
31.200000E+0	9.800000E+0	4.065759E+0	30.000000E+0	-70.301650E+0
31.300000E+0	9.800000E+0	4.011056E+0	30.000000E+0	-67.297772E+0
31.400000E+0	9.800000E+0	3.938119E+0	30.000000E+0	-64.266543E+0
31.500000E+0	9.800000E+0	3.883416E+0	30.000000E+0	-61.153259E+0
31.600000E+0	9.800000E+0	3.846947E+0	30.000000E+0	-54.990512E+0
31.700000E+0	9.800000E+0	3.774010E+0	30.000000E+0	-54.990512E+0
31.800000E+0	9.800000E+0	3.737541E+0	30.000000E+0	-51.795173E+0
31.900000E+0	9.800000E+0	3.682838E+0	30.000000E+0	-48.672772E+0
32.000000E+0	9.800000E+0	3.628135E+0	30.000000E+0	-45.477434E+0
32.100000E+0	9.800000E+0	3.573432E+0	30.000000E+0	-42.254744E+0
32.200000E+0	9.800000E+0	3.518729E+0	30.000000E+0	-39.004703E+0
32.300000E+0	9.800000E+0	3.464026E+0	30.000000E+0	-35.727310E+0
32.400000E+0	9.800000E+0	3.409323E+0	30.000000E+0	-32.422566E+0
32.500000E+0	9.800000E+0	3.354620E+0	30.000000E+0	-29.090470E+0
32.600000E+0	9.800000E+0	3.299917E+0	30.000000E+0	-25.731023E+0
32.700000E+0	9.800000E+0	3.263449E+0	30.000000E+0	-22.344224E+0
32.800000E+0	9.800000E+0	3.208746E+0	30.000000E+0	-18.984777E+0
32.900000E+0	9.800000E+0	3.135809E+0	30.000000E+0	-15.552393E+0
33.000000E+0	9.800000E+0	3.099340E+0	30.000000E+0	-12.037954E+0
33.100000E+0	9.800000E+0	3.026403E+0	30.000000E+0	-8.596452E+0
33.200000E+0	9.800000E+0	2.989934E+0	30.000000E+0	-5.027310E+0
33.300000E+0	9.800000E+0	2.935231E+0	30.000000E+0	-1.531106E+0
33.400000E+0	9.800000E+0	2.898762E+0	30.000000E+0	2.038036E+0
33.500000E+0	9.800000E+0	2.844059E+0	30.000000E+0	5.579827E+0
33.600000E+0	9.800000E+0	2.789356E+0	30.000000E+0	9.194554E+0
33.700000E+0	9.800000E+0	2.734653E+0	30.000000E+0	12.836634E+0
33.800000E+0	9.800000E+0	2.698185E+0	30.000000E+0	16.506064E+0
33.900000E+0	9.800000E+0	2.679950E+0	30.000000E+0	20.148144E+0
34.000000E+0	9.800000E+0	2.679950E+0	30.000000E+0	27.313779E+0
34.100000E+0	9.800000E+0	2.734653E+0	30.000000E+0	30.709695E+0
34.200000E+0	9.800000E+0	2.771122E+0	30.000000E+0	34.132962E+0
34.300000E+0	9.800000E+0	2.789356E+0	30.000000E+0	34.132962E+0
34.400000E+0	9.800000E+0	2.825825E+0	30.000000E+0	37.592698E+0
34.500000E+0	9.800000E+0	2.935231E+0	30.000000E+0	40.988614E+0
34.600000E+0	9.800000E+0	2.862294E+0	30.000000E+0	44.147483E+0
34.700000E+0	9.800000E+0	3.263449E+0	30.000000E+0	47.798680E+0
34.800000E+0	9.800000E+0	3.135809E+0	30.000000E+0	50.064068E+0
34.900000E+0	9.800000E+0	3.573432E+0	30.000000E+0	53.715264E+0
35.000000E+0	9.800000E+0	3.938119E+0	30.000000E+0	55.734488E+0
35.100000E+0	9.800000E+0	4.156931E+0	30.000000E+0	57.753713E+0
35.200000E+0	9.800000E+0	4.393977E+0	30.000000E+0	60.028218E+0
35.300000E+0	9.800000E+0	4.740429E+0	30.000000E+0	62.138614E+0
35.400000E+0	9.800000E+0	4.868069E+0	30.000000E+0	63.802269E+0
35.500000E+0	9.800000E+0	5.086881E+0	30.000000E+0	65.949134E+0
35.600000E+0	9.800000E+0	5.250990E+0	30.000000E+0	67.758663E+0
35.700000E+0	9.800000E+0	5.050413E+0	30.000000E+0	69.622896E+0
35.800000E+0	9.800000E+0	5.706848E+0	30.000000E+0	72.499134E+0
35.900000E+0	9.800000E+0	5.761551E+0	30.000000E+0	72.904620E+0
36.000000E+0	9.800000E+0	5.798020E+0	30.000000E+0	76.696906E+0
36.100000E+0	9.800000E+0	6.089769E+0	30.000000E+0	76.696906E+0
36.200000E+0	9.800000E+0	6.800908E+0	30.000000E+0	77.822649E+0
36.300000E+0	9.800000E+0	6.764439E+0	30.000000E+0	77.544348E+0
36.400000E+0	9.800000E+0	6.709736E+0	30.000000E+0	79.153300E+0
36.500000E+0	9.800000E+0	6.873845E+0	30.000000E+0	80.835190E+0
36.600000E+0	9.800000E+0	7.001485E+0	30.000000E+0	81.887995E+0
36.700000E+0	9.800000E+0	7.202063E+0	30.000000E+0	82.968152E+0
36.800000E+0	9.800000E+0	7.639686E+0	30.000000E+0	83.765677E+0
36.900000E+0	9.800000E+0	7.311469E+0	30.000000E+0	83.751774E+0
37.000000E+0	9.800000E+0	7.512046E+0	30.000000E+0	85.816584E+0
37.100000E+0	9.800000E+0	7.803795E+0	30.000000E+0	86.459117E+0
37.200000E+0	9.800000E+0	7.913201E+0	30.000000E+0	86.727847E+0
37.300000E+0	9.800000E+0	8.350825E+0	30.000000E+0	87.397731E+0
37.400000E+0	9.800000E+0	8.332591E+0	30.000000E+0	87.028259E+0
37.500000E+0	9.800000E+0	8.405528E+0	30.000000E+0	87.807550E+0
37.600000E+0	9.800000E+0	8.551403E+0	30.000000E+0	88.322442E+0
37.700000E+0	9.800000E+0	8.843152E+0	30.000000E+0	88.582054E+0
37.800000E+0	9.800000E+0	9.025495E+0	30.000000E+0	88.331106E+0
37.900000E+0	9.800000E+0	9.189604E+0	30.000000E+0	88.262500E+0
38.000000E+0	9.800000E+0	9.371947E+0	30.000000E+0	88.157426E+0
38.100000E+0	9.800000E+0	9.536056E+0	30.000000E+0	87.915594E+0
38.200000E+0	9.800000E+0	9.773102E+0	30.000000E+0	87.637294E+0
38.300000E+0	9.800000E+0	9.955446E+0	30.000000E+0	87.058127E+0
38.400000E+0	9.800000E+0	10.156023E+0	30.000000E+0	86.524546E+0
38.500000E+0	9.800000E+0	10.393069E+0	30.000000E+0	85.845091E+0
38.600000E+0	9.800000E+0	10.466007E+0	30.000000E+0	84.955941E+0
38.700000E+0	9.800000E+0	10.703053E+0	30.000000E+0	84.440594E+0
38.800000E+0	9.800000E+0	10.958333E+0	30.000000E+0	83.396452E+0
38.900000E+0	9.800000E+0	11.140677E+0	30.000000E+0	82.179084E+0
39.000000E+0	9.800000E+0	11.341254E+0	30.000000E+0	79.780817E+0
39.100000E+0	9.800000E+0	11.596535E+0	30.000000E+0	78.244348E+0
39.200000E+0	9.800000E+0	11.742409E+0	30.000000E+0	76.908457E+0
39.300000E+0	9.800000E+0	11.924752E+0	30.000000E+0	75.390223E+0
39.400000E+0	9.800000E+0	12.198267E+0	30.000000E+0	73.507302E+0
39.500000E+0	9.800000E+0	12.252970E+0	30.000000E+0	73.507302E+0
39.600000E+0	9.800000E+0	12.435314E+0	30.000000E+0	72.144059E+0
39.700000E+0	9.800000E+0	12.708828E+0	30.000000E+0	70.370545E+0
39.800000E+0	9.800000E+0	12.909406E+0	30.000000E+0	66.176196E+0
39.900000E+0	9.800000E+0	13.109983E+0	30.000000E+0	66.176196E+0
40.000000E+0	9.800000E+0	13.237624E+0	30.000000E+0	64.019761E+0
40.100000E+0	9.800000E+0	13.456436E+0	30.000000E+0	61.981848E+0
40.200000E+0	9.800000E+0	13.675248E+0	30.000000E+0	59.606601E+0
40.300000E+0	9.800000E+0	13.821122E+0	30.000000E+0	57.121947E+0
40.400000E+0	9.800000E+0	14.021700E+0	30.000000E+0	54.746700E+0
40.500000E+0	9.800000E+0	14.185809E+0	30.000000E+0	52.134406E+0
40.600000E+0	9.800000E+0	14.313449E+0	30.000000E+0	49.531229E+0
40.700000E+0	9.800000E+0	14.532261E+0	30.000000E+0	46.955404E+0
40.800000E+0	9.800000E+0	14.605198E+0	30.000000E+0	44.042244E+0
40.900000E+0	9.800000E+0	14.714604E+0	30.000000E+0	41.457302E+0
41.000000E+0	9.800000E+0	14.842244E+0	30.000000E+0	38.726485E+0
41.100000E+0	9.800000E+0	15.024587E+0	30.000000E+0	35.886262E+0
41.200000E+0	9.800000E+0	15.006353E+0	30.000000E+0	32.818111E+0
41.300000E+0	9.800000E+0	15.261634E+0	30.000000E+0	30.260520E+0
41.400000E+0	9.800000E+0	15.334571E+0	30.000000E+0	26.891502E+0
41.500000E+0	9.800000E+0	15.425743E+0	30.000000E+0	23.941873E+0
41.600000E+0	9.800000E+0	15.462211E+0	30.000000E+0	20.901073E+0
41.700000E+0	9.800000E+0	15.553383E+0	30.000000E+0	17.978795E+0
41.800000E+0	9.800000E+0	15.662789E+0	30.000000E+0	14.874175E+0
41.900000E+0	9.800000E+0	15.717492E+0	30.000000E+0	11.669266E+0
42.000000E+0	9.800000E+0	15.881601E+0	30.000000E+0	8.573762E+0
42.100000E+0	9.800000E+0	15.918069E+0	30.000000E+0	5.122690E+0
42.200000E+0	9.800000E+0	15.899835E+0	30.000000E+0	1.972483E+0
42.300000E+0	9.800000E+0	15.863366E+0	30.000000E+0	-1.031848E+0
42.400000E+0	9.800000E+0	15.717492E+0	30.000000E+0	-3.972360E+0
42.500000E+0	9.800000E+0	15.681023E+0	30.000000E+0	-6.566419E+0
42.600000E+0	9.800000E+0	15.772195E+0	30.000000E+0	-9.415759E+0
42.700000E+0	9.800000E+0	15.826898E+0	30.000000E+0	-12.629785E+0
42.800000E+0	9.800000E+0	15.845132E+0	30.000000E+0	-15.779992E+0
42.900000E+0	9.800000E+0	15.845132E+0	30.000000E+0	-18.848144E+0
43.000000E+0	9.800000E+0	15.735726E+0	30.000000E+0	-21.870710E+0
43.100000E+0	9.800000E+0	15.699257E+0	30.000000E+0	-24.565058E+0
43.200000E+0	9.800000E+0	15.662789E+0	30.000000E+0	-27.423515E+0
43.300000E+0	9.800000E+0	15.626320E+0	30.000000E+0	-30.263738E+0
43.400000E+0	9.800000E+0	15.571617E+0	30.000000E+0	-33.085726E+0
43.500000E+0	9.800000E+0	15.516914E+0	30.000000E+0	-35.834777E+0
43.600000E+0	9.800000E+0	15.443977E+0	30.000000E+0	-38.556477E+0
43.700000E+0	9.800000E+0	15.389274E+0	30.000000E+0	-41.196122E+0
43.800000E+0	9.800000E+0	15.316337E+0	30.000000E+0	-43.854002E+0
43.900000E+0	9.800000E+0	15.261634E+0	30.000000E+0	-46.429827E+0
44.000000E+0	9.800000E+0	15.188696E+0	30.000000E+0	-49.023886E+0
44.100000E+0	9.800000E+0	15.133993E+0	30.000000E+0	-51.535891E+0
44.200000E+0	9.800000E+0	15.061056E+0	30.000000E+0	-54.066130E+0
44.300000E+0	9.800000E+0	14.988119E+0	30.000000E+0	-56.514315E+0
44.400000E+0	9.800000E+0	14.915182E+0	30.000000E+0	-58.926031E+0
44.500000E+0	9.800000E+0	14.842244E+0	30.000000E+0	-61.301279E+0
44.600000E+0	9.800000E+0	14.769307E+0	30.000000E+0	-63.640058E+0
44.700000E+0	9.800000E+0	14.714604E+0	30.000000E+0	-65.942368E+0
44.800000E+0	9.800000E+0	14.659901E+0	30.000000E+0	-68.262913E+0
44.900000E+0	9.800000E+0	14.586964E+0	30.000000E+0	-70.556106E+0
45.000000E+0	9.800000E+0	14.514026E+0	30.000000E+0	-72.767244E+0
45.100000E+0	9.800000E+0	14.441089E+0	30.000000E+0	-74.941914E+0
45.200000E+0	9.800000E+0	14.386386E+0	30.000000E+0	-77.080116E+0
45.300000E+0	9.800000E+0	14.295215E+0	30.000000E+0	-79.236551E+0
45.400000E+0	9.800000E+0	14.240512E+0	30.000000E+0	-81.256229E+0
45.500000E+0	9.800000E+0	14.149340E+0	30.000000E+0	-83.339728E+0
45.600000E+0	9.800000E+0	14.094637E+0	30.000000E+0	-85.286469E+0
45.700000E+0	9.800000E+0	14.021700E+0	30.000000E+0	-87.297030E+0
45.800000E+0	9.800000E+0	13.966997E+0	30.000000E+0	-89.225536E+0
45.900000E+0	9.800000E+0	13.894059E+0	30.000000E+0	-91.172277E+0
46.000000E+0	9.800000E+0	13.821122E+0	30.000000E+0	-93.036964E+0
46.100000E+0	9.800000E+0	13.748185E+0	30.000000E+0	-94.865182E+0
46.200000E+0	9.800000E+0	13.675248E+0	30.000000E+0	-96.656931E+0
46.300000E+0	9.800000E+0	13.584076E+0	30.000000E+0	-98.412211E+0
46.400000E+0	9.800000E+0	13.529373E+0	30.000000E+0	-100.076320E+0
46.500000E+0	9.800000E+0	13.474670E+0	30.000000E+0	-101.804249E+0
46.600000E+0	9.800000E+0	13.419967E+0	30.000000E+0	-103.504827E+0
46.700000E+0	9.800000E+0	13.328795E+0	30.000000E+0	-105.178053E+0
46.800000E+0	9.800000E+0	13.274092E+0	30.000000E+0	-106.714521E+0
46.900000E+0	9.800000E+0	13.219389E+0	30.000000E+0	-108.314810E+0
47.000000E+0	9.800000E+0	13.146452E+0	30.000000E+0	-109.887748E+0
47.100000E+0	9.800000E+0	13.073515E+0	30.000000E+0	-111.378630E+0
47.200000E+0	9.800000E+0	13.000578E+0	30.000000E+0	-112.833045E+0
47.300000E+0	9.800000E+0	12.927640E+0	30.000000E+0	-114.250990E+0
47.400000E+0	9.800000E+0	12.872937E+0	30.000000E+0	-115.632467E+0
47.500000E+0	9.800000E+0	12.800000E+0	30.000000E+0	-117.032178E+0
47.600000E+0	9.800000E+0	12.727063E+0	30.000000E+0	-118.349835E+0
47.700000E+0	9.800000E+0	12.654125E+0	30.000000E+0	-119.631023E+0
47.800000E+0	9.800000E+0	12.599422E+0	30.000000E+0	-120.875743E+0
47.900000E+0	9.800000E+0	12.508251E+0	30.000000E+0	-122.138696E+0
48.000000E+0	9.800000E+0	12.453548E+0	30.000000E+0	-123.264893E+0
48.100000E+0	9.800000E+0	12.380611E+0	30.000000E+0	-124.454909E+0
48.200000E+0	9.800000E+0	12.325908E+0	30.000000E+0	-125.562871E+0
48.300000E+0	9.800000E+0	12.252970E+0	30.000000E+0	-126.689068E+0
48.400000E+0	9.800000E+0	12.180033E+0	30.000000E+0	-127.733210E+0
48.500000E+0	9.800000E+0	12.107096E+0	30.000000E+0	-128.740883E+0
48.600000E+0	9.800000E+0	12.052393E+0	30.000000E+0	-129.712087E+0
48.700000E+0	9.800000E+0	11.979455E+0	30.000000E+0	-130.701526E+0
48.800000E+0	9.800000E+0	11.924752E+0	30.000000E+0	-131.608911E+0
48.900000E+0	9.800000E+0	11.833581E+0	30.000000E+0	-132.534530E+0
49.000000E+0	9.800000E+0	11.778878E+0	30.000000E+0	-133.323391E+0
49.100000E+0	9.800000E+0	11.705941E+0	30.000000E+0	-134.176073E+0
49.200000E+0	9.800000E+0	11.633003E+0	30.000000E+0	-134.946700E+0
49.300000E+0	9.800000E+0	11.560066E+0	30.000000E+0	-135.680858E+0
49.400000E+0	9.800000E+0	11.505363E+0	30.000000E+0	-136.378548E+0
49.500000E+0	9.800000E+0	11.450660E+0	30.000000E+0	-137.094472E+0
49.600000E+0	9.800000E+0	11.377723E+0	30.000000E+0	-137.783045E+0
49.700000E+0	9.800000E+0	11.304785E+0	30.000000E+0	-138.389563E+0
49.800000E+0	9.800000E+0	11.213614E+0	30.000000E+0	-138.959612E+0
49.900000E+0	9.800000E+0	11.195380E+0	30.000000E+0	-139.438490E+0
50.000000E+0	9.800000E+0	11.122442E+0	30.000000E+0	-140.090594E+0
50.100000E+0	9.800000E+0	11.031271E+0	30.000000E+0	-140.569472E+0
50.200000E+0	9.800000E+0	10.958333E+0	30.000000E+0	-140.957178E+0
50.300000E+0	9.800000E+0	10.885396E+0	30.000000E+0	-141.354002E+0
50.400000E+0	9.800000E+0	10.830693E+0	30.000000E+0	-141.714356E+0
50.500000E+0	9.800000E+0	10.775990E+0	30.000000E+0	-142.092946E+0
50.600000E+0	9.800000E+0	10.739521E+0	30.000000E+0	-142.444183E+0
50.700000E+0	9.800000E+0	10.648350E+0	30.000000E+0	-142.822772E+0
50.800000E+0	9.800000E+0	10.593647E+0	30.000000E+0	-143.019018E+0
50.900000E+0	9.800000E+0	10.520710E+0	30.000000E+0	-143.279084E+0
51.000000E+0	9.800000E+0	10.447772E+0	30.000000E+0	-143.457096E+0
51.100000E+0	9.800000E+0	10.374835E+0	30.000000E+0	-143.598639E+0
51.200000E+0	9.800000E+0	10.320132E+0	30.000000E+0	-143.703713E+0
51.300000E+0	9.800000E+0	10.247195E+0	30.000000E+0	-143.827021E+0
51.400000E+0	9.800000E+0	10.192492E+0	30.000000E+0	-143.868276E+0
51.500000E+0	9.800000E+0	10.137789E+0	30.000000E+0	-143.927764E+0
51.600000E+0	9.800000E+0	10.064851E+0	30.000000E+0	-143.959901E+0
51.700000E+0	9.800000E+0	10.010149E+0	30.000000E+0	-143.909983E+0
51.800000E+0	9.800000E+0	9.937211E+0	30.000000E+0	-143.878300E+0
51.900000E+0	9.800000E+0	9.864274E+0	30.000000E+0	-143.764563E+0
52.000000E+0	9.800000E+0	9.809571E+0	30.000000E+0	-143.614356E+0
52.100000E+0	9.800000E+0	9.736634E+0	30.000000E+0	-143.482384E+0
52.200000E+0	9.800000E+0	9.700165E+0	30.000000E+0	-143.268358E+0
52.300000E+0	9.800000E+0	9.608993E+0	30.000000E+0	-143.127269E+0
52.400000E+0	9.800000E+0	9.554290E+0	30.000000E+0	-142.803837E+0
52.500000E+0	9.800000E+0	9.499587E+0	30.000000E+0	-142.544224E+0
52.600000E+0	9.800000E+0	9.426650E+0	30.000000E+0	-142.257261E+0
52.700000E+0	9.800000E+0	9.353713E+0	30.000000E+0	-141.888243E+0
52.800000E+0	9.800000E+0	9.299010E+0	30.000000E+0	-141.482756E+0
52.900000E+0	9.800000E+0	9.244307E+0	30.000000E+0	-141.095503E+0
53.000000E+0	9.800000E+0	9.189604E+0	30.000000E+0	-140.680899E+0
53.100000E+0	9.800000E+0	9.134901E+0	30.000000E+0	-140.238944E+0
53.200000E+0	9.800000E+0	9.061964E+0	30.000000E+0	-139.769637E+0
53.300000E+0	9.800000E+0	8.989026E+0	30.000000E+0	-139.218276E+0
53.400000E+0	9.800000E+0	8.897855E+0	30.000000E+0	-138.630446E+0
53.500000E+0	9.800000E+0	8.843152E+0	30.000000E+0	-137.951444E+0
53.600000E+0	9.800000E+0	8.824917E+0	30.000000E+0	-137.336262E+0
53.700000E+0	9.800000E+0	8.733746E+0	30.000000E+0	-136.803135E+0
53.800000E+0	9.800000E+0	8.697277E+0	30.000000E+0	-136.042079E+0
53.900000E+0	9.800000E+0	8.606106E+0	30.000000E+0	-135.399546E+0
54.000000E+0	9.800000E+0	8.551403E+0	30.000000E+0	-134.574670E+0
54.100000E+0	9.800000E+0	8.478465E+0	30.000000E+0	-133.813614E+0
54.200000E+0	9.800000E+0	8.423762E+0	30.000000E+0	-132.970503E+0
54.300000E+0	9.800000E+0	8.369059E+0	30.000000E+0	-132.145627E+0
54.400000E+0	9.800000E+0	8.314356E+0	30.000000E+0	-131.293399E+0
54.500000E+0	9.800000E+0	8.259653E+0	30.000000E+0	-130.413820E+0
54.600000E+0	9.800000E+0	8.186716E+0	30.000000E+0	-129.506889E+0
54.700000E+0	9.800000E+0	8.113779E+0	30.000000E+0	-128.517904E+0
54.800000E+0	9.800000E+0	8.059076E+0	30.000000E+0	-127.492450E+0
54.900000E+0	9.800000E+0	7.986139E+0	30.000000E+0	-126.485231E+0
55.000000E+0	9.800000E+0	7.949670E+0	30.000000E+0	-125.395957E+0
55.100000E+0	9.800000E+0	7.876733E+0	30.000000E+0	-124.379620E+0
55.200000E+0	9.800000E+0	7.822030E+0	30.000000E+0	-123.235644E+0
55.300000E+0	9.800000E+0	7.749092E+0	30.000000E+0	-122.109901E+0
55.400000E+0	9.800000E+0	7.694389E+0	30.000000E+0	-120.902104E+0
55.500000E+0	9.800000E+0	7.639686E+0	30.000000E+0	-119.712541E+0
55.600000E+0	9.800000E+0	7.584983E+0	30.000000E+0	-118.495627E+0
55.700000E+0	9.800000E+0	7.512046E+0	30.000000E+0	-117.251361E+0
55.800000E+0	9.800000E+0	7.457343E+0	30.000000E+0	-115.925041E+0
55.900000E+0	9.800000E+0	7.384406E+0	30.000000E+0	-114.616955E+0
56.000000E+0	9.800000E+0	7.347937E+0	30.000000E+0	-113.226815E+0
56.100000E+0	9.800000E+0	7.238531E+0	30.000000E+0	-111.909612E+0
56.200000E+0	9.800000E+0	7.183828E+0	30.000000E+0	-110.355363E+0
56.300000E+0	9.800000E+0	7.129125E+0	30.000000E+0	-108.910520E+0
56.400000E+0	9.800000E+0	7.092657E+0	30.000000E+0	-107.438325E+0
56.500000E+0	9.800000E+0	7.001485E+0	30.000000E+0	-105.993482E+0
56.600000E+0	9.800000E+0	6.946782E+0	30.000000E+0	-104.366295E+0
56.700000E+0	9.800000E+0	6.892079E+0	30.000000E+0	-102.802929E+0
56.800000E+0	9.800000E+0	6.819142E+0	30.000000E+0	-101.212211E+0
56.900000E+0	9.800000E+0	6.800908E+0	30.000000E+0	-99.539439E+0
57.000000E+0	9.800000E+0	6.727970E+0	30.000000E+0	-97.994307E+0
57.100000E+0	9.800000E+0	6.655033E+0	30.000000E+0	-96.275949E+0
57.200000E+0	9.800000E+0	6.582096E+0	30.000000E+0	-94.521122E+0
57.300000E+0	9.800000E+0	6.527393E+0	30.000000E+0	-92.729827E+0
57.400000E+0	9.800000E+0	6.490924E+0	30.000000E+0	-90.956766E+0
57.500000E+0	9.800000E+0	6.399752E+0	30.000000E+0	-89.211056E+0
57.600000E+0	9.800000E+0	6.345050E+0	30.000000E+0	-87.283003E+0
57.700000E+0	9.800000E+0	6.272112E+0	30.000000E+0	-85.418771E+0
57.800000E+0	9.800000E+0	6.217409E+0	30.000000E+0	-83.472483E+0
57.900000E+0	9.800000E+0	6.162706E+0	30.000000E+0	-81.544431E+0
58.000000E+0	9.800000E+0	6.108003E+0	30.000000E+0	-79.589026E+0
58.100000E+0	9.800000E+0	6.053300E+0	30.000000E+0	-77.606271E+0
58.200000E+0	9.800000E+0	5.980363E+0	30.000000E+0	-75.596163E+0
58.300000E+0	9.800000E+0	5.925660E+0	30.000000E+0	-73.504002E+0
58.400000E+0	9.800000E+0	5.870957E+0	30.000000E+0	-71.430074E+0
58.500000E+0	9.800000E+0	5.816254E+0	30.000000E+0	-69.328795E+0
58.600000E+0	9.800000E+0	5.761551E+0	30.000000E+0	-67.200165E+0
58.700000E+0	9.800000E+0	5.706848E+0	30.000000E+0	-65.044183E+0
58.800000E+0	9.800000E+0	5.652145E+0	30.000000E+0	-62.860850E+0
58.900000E+0	9.800000E+0	5.597442E+0	30.000000E+0	-60.650165E+0
59.000000E+0	9.800000E+0	5.524505E+0	30.000000E+0	-58.412129E+0
59.100000E+0	9.800000E+0	5.469802E+0	30.000000E+0	-56.092038E+0
59.200000E+0	9.800000E+0	5.415099E+0	30.000000E+0	-53.790182E+0
59.300000E+0	9.800000E+0	5.342162E+0	30.000000E+0	-51.460974E+0
59.400000E+0	9.800000E+0	5.305693E+0	30.000000E+0	-49.049711E+0
59.500000E+0	9.800000E+0	5.250990E+0	30.000000E+0	-46.711386E+0
59.600000E+0	9.800000E+0	5.196287E+0	30.000000E+0	-44.300124E+0
59.700000E+0	9.800000E+0	5.159818E+0	30.000000E+0	-41.861510E+0
59.800000E+0	9.800000E+0	5.086881E+0	30.000000E+0	-39.450248E+0
59.900000E+0	9.800000E+0	5.032178E+0	30.000000E+0	-36.911345E+0
60.000000E+0	9.800000E+0	4.977475E+0	30.000000E+0	-34.390677E+0
60.100000E+0	9.800000E+0	4.904538E+0	30.000000E+0	-31.842657E+0
60.200000E+0	9.800000E+0	4.849835E+0	30.000000E+0	-29.212583E+0
60.300000E+0	9.800000E+0	4.795132E+0	30.000000E+0	-26.600743E+0
60.400000E+0	9.800000E+0	4.740429E+0	30.000000E+0	-23.961551E+0
60.500000E+0	9.800000E+0	4.685726E+0	30.000000E+0	-21.295008E+0
60.600000E+0	9.800000E+0	4.612789E+0	30.000000E+0	-18.601114E+0
60.700000E+0	9.800000E+0	4.558086E+0	30.000000E+0	-15.825165E+0
60.800000E+0	9.800000E+0	4.503383E+0	30.000000E+0	-13.067450E+0
60.900000E+0	9.800000E+0	4.448680E+0	30.000000E+0	-10.282384E+0
61.000000E+0	9.800000E+0	4.393977E+0	30.000000E+0	-7.469967E+0
61.100000E+0	9.800000E+0	4.321040E+0	30.000000E+0	-4.630198E+0
61.200000E+0	9.800000E+0	4.302805E+0	30.000000E+0	-1.708375E+0
61.300000E+0	9.800000E+0	4.229868E+0	30.000000E+0	1.085809E+0
61.400000E+0	9.800000E+0	4.175165E+0	30.000000E+0	4.053218E+0
61.500000E+0	9.800000E+0	4.138696E+0	30.000000E+0	7.002393E+0
61.600000E+0	9.800000E+0	4.083993E+0	30.000000E+0	9.924216E+0
61.700000E+0	9.800000E+0	4.029290E+0	30.000000E+0	12.918977E+0
61.800000E+0	9.800000E+0	4.029290E+0	30.000000E+0	15.941089E+0
61.900000E+0	9.800000E+0	4.047525E+0	30.000000E+0	18.826444E+0
62.000000E+0	9.800000E+0	4.011056E+0	30.000000E+0	21.657096E+0
62.100000E+0	9.800000E+0	4.047525E+0	30.000000E+0	24.642739E+0
62.200000E+0	9.800000E+0	4.083993E+0	30.000000E+0	27.427805E+0
62.300000E+0	9.800000E+0	4.138696E+0	30.000000E+0	30.194637E+0
62.400000E+0	9.800000E+0	4.175165E+0	30.000000E+0	32.888531E+0
62.500000E+0	9.800000E+0	4.266337E+0	30.000000E+0	35.609777E+0
62.600000E+0	9.800000E+0	4.339274E+0	30.000000E+0	38.148680E+0
62.700000E+0	9.800000E+0	4.612789E+0	30.000000E+0	40.696700E+0
62.800000E+0	9.800000E+0	4.649257E+0	30.000000E+0	42.606518E+0
62.900000E+0	9.800000E+0	4.703960E+0	30.000000E+0	45.090718E+0
63.000000E+0	9.800000E+0	5.068647E+0	30.000000E+0	47.501980E+0
63.100000E+0	9.800000E+0	5.105116E+0	30.000000E+0	48.955941E+0
63.200000E+0	9.800000E+0	5.269224E+0	30.000000E+0	51.212211E+0
63.300000E+0	9.800000E+0	5.305693E+0	30.000000E+0	53.067327E+0
63.400000E+0	9.800000E+0	5.798020E+0	30.000000E+0	55.223309E+0
63.500000E+0	9.800000E+0	5.761551E+0	30.000000E+0	55.993482E+0
63.600000E+0	9.800000E+0	5.743317E+0	30.000000E+0	58.103878E+0
63.700000E+0	9.800000E+0	6.035066E+0	30.000000E+0	60.177805E+0
63.800000E+0	9.800000E+0	6.363284E+0	30.000000E+0	61.330899E+0
63.900000E+0	9.800000E+0	6.691502E+0	30.000000E+0	62.228713E+0
64.000000E+0	9.800000E+0	6.691502E+0	30.000000E+0	62.962417E+0
64.100000E+0	9.800000E+0	7.311469E+0	30.000000E+0	64.516667E+0
64.200000E+0	9.800000E+0	7.238531E+0	30.000000E+0	64.211015E+0
64.300000E+0	9.800000E+0	7.876733E+0	30.000000E+0	65.674092E+0
64.400000E+0	9.800000E+0	7.676155E+0	30.000000E+0	65.040223E+0
64.500000E+0	9.800000E+0	7.822030E+0	30.000000E+0	66.603589E+0
64.600000E+0	9.800000E+0	7.913201E+0	30.000000E+0	67.227888E+0
64.700000E+0	9.800000E+0	8.004373E+0	30.000000E+0	67.943358E+0
64.800000E+0	9.800000E+0	8.223185E+0	30.000000E+0	68.613243E+0
64.900000E+0	9.800000E+0	8.113779E+0	30.000000E+0	68.854620E+0
65.000000E+0	9.800000E+0	8.405528E+0	30.000000E+0	69.971246E+0
65.100000E+0	9.800000E+0	8.733746E+0	30.000000E+0	69.939109E+0
65.200000E+0	9.800000E+0	8.806683E+0	30.000000E+0	69.651691E+0
65.300000E+0	9.800000E+0	8.897855E+0	30.000000E+0	69.966007E+0
65.400000E+0	9.800000E+0	8.952558E+0	30.000000E+0	70.189150E+0
65.500000E+0	9.800000E+0	9.390182E+0	30.000000E+0	70.476114E+0
65.600000E+0	9.800000E+0	9.572525E+0	30.000000E+0	69.586964E+0
65.700000E+0	9.800000E+0	9.700165E+0	30.000000E+0	69.244843E+0
65.800000E+0	9.800000E+0	9.991914E+0	30.000000E+0	68.975660E+0
65.900000E+0	9.800000E+0	10.028383E+0	30.000000E+0	68.150330E+0
66.000000E+0	9.800000E+0	10.265429E+0	30.000000E+0	67.944967E+0
66.100000E+0	9.800000E+0	10.429538E+0	30.000000E+0	67.119637E+0
66.200000E+0	9.800000E+0	10.666584E+0	30.000000E+0	66.394596E+0
66.300000E+0	9.800000E+0	10.812459E+0	30.000000E+0	65.368688E+0
66.400000E+0	9.800000E+0	10.958333E+0	30.000000E+0	64.497772E+0
66.500000E+0	9.800000E+0	11.231848E+0	30.000000E+0	63.553919E+0
66.600000E+0	9.800000E+0	11.341254E+0	30.000000E+0	62.154208E+0
66.700000E+0	9.800000E+0	11.578300E+0	30.000000E+0	61.110066E+0
66.800000E+0	9.800000E+0	11.760644E+0	30.000000E+0	59.628300E+0
66.900000E+0	9.800000E+0	11.961221E+0	30.000000E+0	58.192120E+0
67.000000E+0	9.800000E+0	12.107096E+0	30.000000E+0	55.091832E+0
67.100000E+0	9.800000E+0	12.198267E+0	30.000000E+0	53.664769E+0
67.200000E+0	9.800000E+0	12.362376E+0	30.000000E+0	51.973309E+0
67.300000E+0	9.800000E+0	12.490017E+0	30.000000E+0	50.309200E+0
67.400000E+0	9.800000E+0	12.672360E+0	30.000000E+0	50.309200E+0
67.500000E+0	9.800000E+0	12.854703E+0	30.000000E+0	48.417162E+0
67.600000E+0	9.800000E+0	12.964109E+0	30.000000E+0	46.433952E+0
67.700000E+0	9.800000E+0	13.109983E+0	30.000000E+0	44.578383E+0
67.800000E+0	9.800000E+0	13.328795E+0	30.000000E+0	42.558705E+0
67.900000E+0	9.800000E+0	13.401733E+0	30.000000E+0	40.247277E+0
68.000000E+0	9.800000E+0	13.511139E+0	30.000000E+0	38.264068E+0
68.100000E+0	9.800000E+0	13.766419E+0	30.000000E+0	36.134983E+0
68.200000E+0	9.800000E+0	13.729950E+0	30.000000E+0	33.513573E+0
68.300000E+0	9.800000E+0	13.966997E+0	30.000000E+0	31.639769E+0
68.400000E+0	9.800000E+0	13.894059E+0	30.000000E+0	28.963655E+0
68.500000E+0	9.800000E+0	14.058168E+0	30.000000E+0	27.098969E+0
68.600000E+0	9.800000E+0	14.058168E+0	30.000000E+0	24.559612E+0
68.700000E+0	9.800000E+0	14.112871E+0	30.000000E+0	22.430528E+0
68.800000E+0	9.800000E+0	14.131106E+0	30.000000E+0	20.137335E+0
68.900000E+0	9.800000E+0	14.258746E+0	30.000000E+0	17.926196E+0
69.000000E+0	9.800000E+0	14.349917E+0	30.000000E+0	15.377723E+0
69.100000E+0	9.800000E+0	14.495792E+0	30.000000E+0	12.874835E+0
69.200000E+0	9.800000E+0	14.550495E+0	30.000000E+0	10.162252E+0
69.300000E+0	9.800000E+0	14.623432E+0	30.000000E+0	7.650248E+0
69.400000E+0	9.800000E+0	14.532261E+0	30.000000E+0	5.056188E+0
69.500000E+0	9.800000E+0	14.605198E+0	30.000000E+0	2.917987E+0
69.600000E+0	9.800000E+0	14.568729E+0	30.000000E+0	333.044554E-3
69.700000E+0	9.800000E+0	14.641667E+0	30.000000E+0	-1.960149E+0
69.800000E+0	9.800000E+0	14.696370E+0	30.000000E+0	-4.563325E+0
69.900000E+0	9.800000E+0	14.623432E+0	30.000000E+0	-7.148267E+0
70.000000E+0	9.800000E+0	14.678135E+0	30.000000E+0	-9.377640E+0
70.100000E+0	9.800000E+0	14.605198E+0	30.000000E+0	-11.953465E+0
70.200000E+0	9.800000E+0	14.641667E+0	30.000000E+0	-14.173721E+0
70.300000E+0	9.800000E+0	14.605198E+0	30.000000E+0	-16.685726E+0
70.400000E+0	9.800000E+0	14.550495E+0	30.000000E+0	-18.997153E+0
70.500000E+0	9.800000E+0	14.514026E+0	30.000000E+0	-21.235644E+0
70.600000E+0	9.800000E+0	14.459323E+0	30.000000E+0	-23.501485E+0
70.700000E+0	9.800000E+0	14.422855E+0	30.000000E+0	-25.694389E+0
70.800000E+0	9.800000E+0	14.368152E+0	30.000000E+0	-27.914645E+0
70.900000E+0	9.800000E+0	14.313449E+0	30.000000E+0	-30.061964E+0
71.000000E+0	9.800000E+0	14.258746E+0	30.000000E+0	-32.181931E+0
71.100000E+0	9.800000E+0	14.204043E+0	30.000000E+0	-34.274546E+0
71.200000E+0	9.800000E+0	14.131106E+0	30.000000E+0	-36.339810E+0
71.300000E+0	9.800000E+0	14.076403E+0	30.000000E+0	-38.323020E+0
71.400000E+0	9.800000E+0	14.021700E+0	30.000000E+0	-40.324464E+0
71.500000E+0	9.800000E+0	13.948762E+0	30.000000E+0	-42.298556E+0
71.600000E+0	9.800000E+0	13.894059E+0	30.000000E+0	-44.190594E+0
71.700000E+0	9.800000E+0	13.821122E+0	30.000000E+0	-46.100866E+0
71.800000E+0	9.800000E+0	13.766419E+0	30.000000E+0	-47.929084E+0
71.900000E+0	9.800000E+0	13.693482E+0	30.000000E+0	-49.775536E+0
72.000000E+0	9.800000E+0	13.638779E+0	30.000000E+0	-51.539934E+0
72.100000E+0	9.800000E+0	13.547607E+0	30.000000E+0	-53.322566E+0
72.200000E+0	9.800000E+0	13.511139E+0	30.000000E+0	-54.968441E+0
72.300000E+0	9.800000E+0	13.438201E+0	30.000000E+0	-56.732838E+0
72.400000E+0	9.800000E+0	13.365264E+0	30.000000E+0	-58.369596E+0
72.500000E+0	9.800000E+0	13.310561E+0	30.000000E+0	-59.969884E+0
72.600000E+0	9.800000E+0	13.237624E+0	30.000000E+0	-61.588408E+0
72.700000E+0	9.800000E+0	13.164686E+0	30.000000E+0	-63.124876E+0
72.800000E+0	9.800000E+0	13.091749E+0	30.000000E+0	-64.624876E+0
72.900000E+0	9.800000E+0	13.018812E+0	30.000000E+0	-66.088408E+0
73.000000E+0	9.800000E+0	12.945875E+0	30.000000E+0	-67.515470E+0
73.100000E+0	9.800000E+0	12.872937E+0	30.000000E+0	-68.906064E+0
73.200000E+0	9.800000E+0	12.818234E+0	30.000000E+0	-70.260190E+0
73.300000E+0	9.800000E+0	12.745297E+0	30.000000E+0	-71.632550E+0
73.400000E+0	9.800000E+0	12.690594E+0	30.000000E+0	-72.922855E+0
